-1.884047,26.501247,8.000000,-0.785398
-1.884006,26.501252,8.000000,-0.785407
-1.883718,26.501283,8.000000,-0.785472
-1.882937,26.501369,8.000000,-0.785647
-1.881415,26.501535,8.000000,-0.785989
-1.878907,26.501810,8.000000,-0.786552
-1.875164,26.502219,8.000000,-0.787392
-1.869941,26.502791,8.000000,-0.788564
-1.862991,26.503551,8.000000,-0.790124
-1.854067,26.504528,8.000000,-0.792128
-1.842923,26.505747,8.000000,-0.794629
-1.829310,26.507237,8.000000,-0.797685
-1.812984,26.509023,8.000000,-0.801349
-1.793696,26.511134,8.000000,-0.805679
-1.771201,26.513595,8.000000,-0.810728
-1.745252,26.516435,8.000000,-0.816553
-1.715601,26.519679,8.000000,-0.823208
-1.682002,26.523356,8.000000,-0.830750
-1.644319,26.527475,8.000000,-0.839216
-1.603114,26.531947,8.000000,-0.848534
-1.559218,26.536639,8.000000,-0.858590
-1.513461,26.541423,8.000000,-0.869270
-1.466677,26.546168,8.000000,-0.880460
-1.419696,26.550743,8.000000,-0.892045
-1.373350,26.555017,8.000000,-0.903910
-1.328472,26.558861,8.000000,-0.915942
-1.285892,26.562144,8.000000,-0.928026
-1.246443,26.564736,8.000000,-0.940049
-1.210956,26.566506,8.000000,-0.951894
-1.180263,26.567323,8.000000,-0.963449
-1.155195,26.567058,8.000000,-0.974599
-1.136585,26.565579,8.000000,-0.985229
-1.125263,26.562757,8.000000,-0.995226
-1.122062,26.558461,8.000000,-1.004474
-1.127814,26.552561,8.000000,-1.012860
-1.143257,26.544918,8.000000,-1.020282
-1.168193,26.535322,8.000000,-1.026760
-1.201871,26.523516,8.000000,-1.032388
-1.243535,26.509244,8.000000,-1.037260
-1.292428,26.492252,8.000000,-1.041471
-1.347793,26.472283,8.000000,-1.045114
-1.408873,26.449080,8.000000,-1.048285
-1.474912,26.422389,8.000000,-1.051077
-1.545152,26.391953,8.000000,-1.053585
-1.618838,26.357517,8.000000,-1.055903
-1.695212,26.318824,8.000000,-1.058126
-1.773518,26.275618,8.000000,-1.060347
-1.852999,26.227645,8.000000,-1.062661
-1.932898,26.174647,8.000000,-1.065162
-2.012458,26.116369,8.000000,-1.067946
-2.090923,26.052556,8.000000,-1.071105
-2.167536,25.982950,8.000000,-1.074734
-2.241576,25.907326,8.000000,-1.078922
-2.312981,25.825990,8.000000,-1.083649
-2.382255,25.739708,8.000000,-1.088802
-2.449924,25.649264,8.000000,-1.094266
-2.516513,25.555440,8.000000,-1.099925
-2.582546,25.459018,8.000000,-1.105663
-2.648549,25.360781,8.000000,-1.111364
-2.715047,25.261511,8.000000,-1.116912
-2.782563,25.161991,8.000000,-1.122192
-2.851625,25.063004,8.000000,-1.127087
-2.922755,24.965333,8.000000,-1.131481
-2.996479,24.869759,8.000000,-1.135260
-3.073323,24.777065,8.000000,-1.138306
-3.153810,24.688034,8.000000,-1.140505
-3.238467,24.603448,8.000000,-1.141739
-3.327817,24.524090,8.000000,-1.141895
-3.422386,24.450743,8.000000,-1.140854
-3.522671,24.384169,8.000000,-1.138505
-3.628158,24.324367,8.000000,-1.134824
-3.737034,24.270364,8.000000,-1.129905
-3.847405,24.221121,8.000000,-1.123849
-3.957375,24.175600,8.000000,-1.116757
-4.065047,24.132764,8.000000,-1.108729
-4.168526,24.091573,8.000000,-1.099867
-4.265916,24.050991,8.000000,-1.090273
-4.355322,24.009978,8.000000,-1.080045
-4.434847,23.967497,8.000000,-1.069287
-4.502596,23.922510,8.000000,-1.058099
-4.556673,23.873978,8.000000,-1.046581
-4.595182,23.820864,8.000000,-1.034835
-4.616227,23.762129,8.000000,-1.022962
-4.617914,23.696736,8.000000,-1.011062
-4.598345,23.623646,8.000000,-0.999237
-4.555625,23.541820,8.000000,-0.987588
-4.487870,23.450233,8.000000,-0.976216
-4.394489,23.349078,8.000000,-0.965200
-4.277355,23.240872,8.000000,-0.954586
-4.138613,23.128393,8.000000,-0.944410
-3.980413,23.014420,8.000000,-0.934711
-3.804901,22.901732,8.000000,-0.925529
-3.614225,22.793105,8.000000,-0.916901
-3.410533,22.691318,8.000000,-0.908867
-3.195972,22.599150,8.000000,-0.901464
-2.972689,22.519378,8.000000,-0.894732
-2.742833,22.454781,8.000000,-0.888710
-2.508550,22.408137,8.000000,-0.883435
-2.271989,22.382223,8.000000,-0.878947
-2.035296,22.379819,8.000000,-0.875283
-1.800620,22.403701,8.000000,-0.872484
-1.570108,22.456649,8.000000,-0.870586
-1.345907,22.541441,8.000000,-0.869630
-1.130164,22.660852,8.000000,-0.869653
-0.924422,22.816036,8.000000,-0.870660
-0.728470,23.003440,8.000000,-0.872560
-0.541785,23.218669,8.000000,-0.875241
-0.363842,23.457325,8.000000,-0.878594
-0.194117,23.715011,8.000000,-0.882509
-0.032084,23.987329,8.000000,-0.886876
0.122780,24.269883,8.000000,-0.891584
0.271001,24.558276,8.000000,-0.896525
0.413102,24.848110,8.000000,-0.901587
0.549608,25.134988,8.000000,-0.906661
0.681044,25.414514,8.000000,-0.911637
0.807933,25.682290,8.000000,-0.916404
0.930802,25.933918,8.000000,-0.920853
1.050174,26.165003,8.000000,-0.924874
1.166573,26.371147,8.000000,-0.928356
1.280524,26.547952,8.000000,-0.931190
1.392553,26.691022,8.000000,-0.933266
1.502939,26.797059,8.000000,-0.934508
1.610871,26.867722,8.000000,-0.935000
1.715227,26.906064,8.000000,-0.934867
1.814888,26.915139,8.000000,-0.934238
1.908731,26.897999,8.000000,-0.933239
1.995636,26.857698,8.000000,-0.931998
2.074483,26.797289,8.000000,-0.930640
2.144150,26.719826,8.000000,-0.929294
2.203517,26.628361,8.000000,-0.928085
2.251462,26.525949,8.000000,-0.927142
2.286866,26.415642,8.000000,-0.926591
2.308606,26.300494,8.000000,-0.926560
2.315563,26.183558,8.000000,-0.927174
2.306615,26.067887,8.000000,-0.928562
2.280642,25.956534,8.000000,-0.930849
2.236523,25.852554,8.000000,-0.934164
2.173136,25.758999,8.000000,-0.938633
2.089715,25.678644,8.000000,-0.944358
1.988009,25.612285,8.000000,-0.951263
1.870858,25.559860,8.000000,-0.959193
1.741106,25.521305,8.000000,-0.967995
1.601598,25.496552,8.000000,-0.977515
1.455177,25.485537,8.000000,-0.987598
1.304690,25.488195,8.000000,-0.998089
1.152978,25.504459,8.000000,-1.008836
1.002888,25.534264,8.000000,-1.019684
0.857263,25.577545,8.000000,-1.030478
0.718949,25.634237,8.000000,-1.041065
0.590788,25.704273,8.000000,-1.051290
0.475626,25.787588,8.000000,-1.060999
0.376307,25.884118,8.000000,-1.070039
0.295675,25.993795,8.000000,-1.078254
0.236575,26.116556,8.000000,-1.085491
0.201851,26.252333,8.000000,-1.091596
0.194000,26.400930,8.000000,-1.096429
0.211442,26.560592,8.000000,-1.100025
0.249939,26.728549,8.000000,-1.102533
0.305210,26.902015,8.000000,-1.104104
0.372972,27.078204,8.000000,-1.104888
0.448944,27.254330,8.000000,-1.105035
0.528843,27.427607,8.000000,-1.104696
0.608388,27.595248,8.000000,-1.104022
0.683296,27.754468,8.000000,-1.103163
0.749286,27.902480,8.000000,-1.102269
0.802076,28.036499,8.000000,-1.101491
0.837384,28.153737,8.000000,-1.100980
0.850927,28.251410,8.000000,-1.100887
0.838424,28.326730,8.000000,-1.101360
0.795592,28.376911,8.000000,-1.102552
0.718151,28.399168,8.000000,-1.104613
0.601817,28.390714,8.000000,-1.107692
0.442517,28.348912,8.000000,-1.111935
0.240620,28.274315,8.000000,-1.117325
0.000775,28.170546,8.000000,-1.123699
-0.272197,28.041352,8.000000,-1.130885
-0.573474,27.890479,8.000000,-1.138711
-0.898236,27.721676,8.000000,-1.147007
-1.241662,27.538689,8.000000,-1.155600
-1.598929,27.345266,8.000000,-1.164321
-1.965218,27.145153,8.000000,-1.172996
-2.335706,26.942098,8.000000,-1.181456
-2.705572,26.739847,8.000000,-1.189529
-3.069996,26.542149,8.000000,-1.197043
-3.424155,26.352750,8.000000,-1.203827
-3.763230,26.175397,8.000000,-1.209710
-4.082398,26.013837,8.000000,-1.214521
-4.376839,25.871818,8.000000,-1.218088
-4.641731,25.753087,8.000000,-1.220240
-4.872311,25.661334,8.000000,-1.220809
-5.066605,25.597566,8.000000,-1.219759
-5.226597,25.558978,8.000000,-1.217244
-5.354573,25.542472,8.000000,-1.213433
-5.452820,25.544954,8.000000,-1.208495
-5.523622,25.563328,8.000000,-1.202598
-5.569266,25.594497,8.000000,-1.195912
-5.592038,25.635366,8.000000,-1.188603
-5.594223,25.682839,8.000000,-1.180842
-5.578108,25.733819,8.000000,-1.172797
-5.545978,25.785212,8.000000,-1.164635
-5.500119,25.833920,8.000000,-1.156527
-5.442817,25.876849,8.000000,-1.148640
-5.376358,25.910902,8.000000,-1.141143
-5.303028,25.932984,8.000000,-1.134205
-5.225112,25.939998,8.000000,-1.127994
-5.144897,25.928849,8.000000,-1.122679
-5.064664,25.896449,8.000000,-1.118428
-4.985982,25.841189,8.000000,-1.115329
-4.908906,25.764598,8.000000,-1.113298
-4.833297,25.668605,8.000000,-1.112231
-4.759017,25.555140,8.000000,-1.112024
-4.685927,25.426132,8.000000,-1.112570
-4.613890,25.283510,8.000000,-1.113767
-4.542766,25.129203,8.000000,-1.115507
-4.472417,24.965142,8.000000,-1.117688
-4.402706,24.793255,8.000000,-1.120204
-4.333492,24.615471,8.000000,-1.122950
-4.264638,24.433721,8.000000,-1.125822
-4.196006,24.249932,8.000000,-1.128714
-4.127457,24.066036,8.000000,-1.131522
-4.058852,23.883961,8.000000,-1.134141
-3.990053,23.705636,8.000000,-1.136466
-3.920923,23.532992,8.000000,-1.138393
-3.851321,23.367956,8.000000,-1.139816
-3.781189,23.212193,8.000000,-1.140671
-3.710718,23.066500,8.000000,-1.141019
-3.640155,22.931502,8.000000,-1.140950
-3.569743,22.807819,8.000000,-1.140552
-3.499728,22.696077,8.000000,-1.139914
-3.430355,22.596896,8.000000,-1.139125
-3.361867,22.510900,8.000000,-1.138272
-3.294511,22.438712,8.000000,-1.137445
-3.228531,22.380955,8.000000,-1.136732
-3.164171,22.338251,8.000000,-1.136223
-3.101676,22.311223,8.000000,-1.136005
-3.041292,22.300495,8.000000,-1.136167
-2.983263,22.306688,8.000000,-1.136798
-2.927833,22.330426,8.000000,-1.137987
-2.875248,22.372332,8.000000,-1.139821
-2.825753,22.433028,8.000000,-1.142391
-2.779592,22.513138,8.000000,-1.145784
-2.736801,22.612928,8.000000,-1.150059
-2.696355,22.730867,8.000000,-1.155124
-2.656893,22.864851,8.000000,-1.160835
-2.617055,23.012776,8.000000,-1.167053
-2.575479,23.172539,8.000000,-1.173636
-2.530805,23.342036,8.000000,-1.180441
-2.481671,23.519165,8.000000,-1.187329
-2.426717,23.701820,8.000000,-1.194157
-2.364581,23.887899,8.000000,-1.200784
-2.293904,24.075299,8.000000,-1.207069
-2.213323,24.261915,8.000000,-1.212870
-2.121479,24.445644,8.000000,-1.218046
-2.017009,24.624383,8.000000,-1.222455
-1.898553,24.796027,8.000000,-1.225956
-1.764751,24.958475,8.000000,-1.228408
-1.614240,25.109621,8.000000,-1.229669
-1.445661,25.247363,8.000000,-1.229598
-1.257976,25.369885,8.000000,-1.228078
-1.052759,25.477704,8.000000,-1.225199
-0.832854,25.572463,8.000000,-1.221149
-0.601108,25.655816,8.000000,-1.216115
-0.360373,25.729413,8.000000,-1.210288
-0.113496,25.794909,8.000000,-1.203855
0.136671,25.853954,8.000000,-1.197004
0.387281,25.908201,8.000000,-1.189926
0.635482,25.959302,8.000000,-1.182808
0.878426,26.008909,8.000000,-1.175838
1.113263,26.058674,8.000000,-1.169207
1.337143,26.110250,8.000000,-1.163101
1.547217,26.165288,8.000000,-1.157711
1.740636,26.225441,8.000000,-1.153223
1.914549,26.292361,8.000000,-1.149828
2.066107,26.367701,8.000000,-1.147714
2.192461,26.453111,8.000000,-1.147069
2.290937,26.550112,8.000000,-1.148066
2.361260,26.658416,8.000000,-1.150655
2.404889,26.776425,8.000000,-1.154624
2.423323,26.902514,8.000000,-1.159759
2.418059,27.035059,8.000000,-1.165846
2.390595,27.172432,8.000000,-1.172670
2.342430,27.313010,8.000000,-1.180016
2.275061,27.455166,8.000000,-1.187671
2.189986,27.597275,8.000000,-1.195418
2.088704,27.737712,8.000000,-1.203045
1.972712,27.874852,8.000000,-1.210336
1.843508,28.007068,8.000000,-1.217076
1.702590,28.132735,8.000000,-1.223052
1.551457,28.250228,8.000000,-1.228048
1.391606,28.357922,8.000000,-1.231851
1.224535,28.454191,8.000000,-1.234245
1.051742,28.537409,8.000000,-1.235016
0.874737,28.606002,8.000000,-1.233956
0.695304,28.659697,8.000000,-1.231018
0.515524,28.699613,8.000000,-1.226327
0.337494,28.726936,8.000000,-1.220018
0.163309,28.742852,8.000000,-1.212223
-0.004935,28.748546,8.000000,-1.203078
-0.165144,28.745204,8.000000,-1.192715
-0.315221,28.734013,8.000000,-1.181269
-0.453070,28.716158,8.000000,-1.168874
-0.576597,28.692826,8.000000,-1.155663
-0.683705,28.665201,8.000000,-1.141770
-0.772299,28.634471,8.000000,-1.127330
-0.840284,28.601821,8.000000,-1.112475
-0.885563,28.568436,8.000000,-1.097340
-0.906042,28.535504,8.000000,-1.082059
-0.899624,28.504209,8.000000,-1.066766
-0.864214,28.475738,8.000000,-1.051594
-0.797752,28.451266,8.000000,-1.036676
-0.700338,28.431274,8.000000,-1.022087
-0.575490,28.415152,8.000000,-1.007808
-0.427024,28.402190,8.000000,-0.993811
-0.258756,28.391683,8.000000,-0.980071
-0.074503,28.382921,8.000000,-0.966559
0.121919,28.375198,8.000000,-0.953250
0.326692,28.367805,8.000000,-0.940116
0.536001,28.360034,8.000000,-0.927131
0.746029,28.351179,8.000000,-0.914267
0.952959,28.340530,8.000000,-0.901498
1.152974,28.327381,8.000000,-0.888797
1.342259,28.311024,8.000000,-0.876136
1.516996,28.290751,8.000000,-0.863490
1.673369,28.265854,8.000000,-0.850831
1.807561,28.235625,8.000000,-0.838133
1.915757,28.199358,8.000000,-0.825367
1.994144,28.156344,8.000000,-0.812509
2.040719,28.106102,8.000000,-0.799547
2.057756,28.048682,8.000000,-0.786514
2.048151,27.984215,8.000000,-0.773445
2.014801,27.912828,8.000000,-0.760379
1.960601,27.834650,8.000000,-0.747353
1.888449,27.749809,8.000000,-0.734402
1.801240,27.658435,8.000000,-0.721565
1.701871,27.560656,8.000000,-0.708879
1.593237,27.456601,8.000000,-0.696380
1.478235,27.346399,8.000000,-0.684107
1.359762,27.230177,8.000000,-0.672094
1.240712,27.108065,8.000000,-0.660381
1.123984,26.980192,8.000000,-0.649003
1.012472,26.846686,8.000000,-0.637999
0.909074,26.707676,8.000000,-0.627404
0.816684,26.563290,8.000000,-0.617257
0.738201,26.413658,8.000000,-0.607593
0.675706,26.259180,8.000000,-0.598433
0.628308,26.101254,8.000000,-0.589728
0.594436,25.941506,8.000000,-0.581414
0.572517,25.781561,8.000000,-0.573429
0.560980,25.623046,8.000000,-0.565709
0.558254,25.467585,8.000000,-0.558192
0.562765,25.316806,8.000000,-0.550813
0.572943,25.172332,8.000000,-0.543510
0.587216,25.035791,8.000000,-0.536220
0.604012,24.908808,8.000000,-0.528879
0.621759,24.793008,8.000000,-0.521423
0.638885,24.690018,8.000000,-0.513791
0.653819,24.601463,8.000000,-0.505918
0.664989,24.528968,8.000000,-0.497741
0.670822,24.474160,8.000000,-0.489198
0.669748,24.438664,8.000000,-0.480224
0.660194,24.424107,8.000000,-0.470758
0.640912,24.431584,8.000000,-0.460751
0.612507,24.459169,8.000000,-0.450256
0.576242,24.503858,8.000000,-0.439358
0.533381,24.562644,8.000000,-0.428142
0.485188,24.632524,8.000000,-0.416695
0.432929,24.710491,8.000000,-0.405101
0.377866,24.793541,8.000000,-0.393447
0.321264,24.878667,8.000000,-0.381818
0.264387,24.962866,8.000000,-0.370299
0.208500,25.043131,8.000000,-0.358976
0.154866,25.116458,8.000000,-0.347936
0.104750,25.179841,8.000000,-0.337262
0.059417,25.230274,8.000000,-0.327042
0.020129,25.264754,8.000000,-0.317360
-0.011848,25.280273,8.000000,-0.308302
-0.035250,25.273828,8.000000,-0.299954
-0.048814,25.242413,8.000000,-0.292401
-0.051453,25.183464,8.000000,-0.285722
-0.043729,25.098497,8.000000,-0.279933
-0.027092,24.991228,8.000000,-0.275015
-0.003001,24.865395,8.000000,-0.270949
0.027084,24.724736,8.000000,-0.267716
0.061705,24.572988,8.000000,-0.265297
0.099403,24.413890,8.000000,-0.263674
0.138718,24.251180,8.000000,-0.262827
0.178191,24.088596,8.000000,-0.262737
0.216363,23.929875,8.000000,-0.263386
0.251775,23.778756,8.000000,-0.264754
0.282969,23.638977,8.000000,-0.266822
0.308484,23.514275,8.000000,-0.269573
0.326862,23.408388,8.000000,-0.272986
0.336644,23.325055,8.000000,-0.277043
0.336371,23.268014,8.000000,-0.281724
0.324583,23.241002,8.000000,-0.287012
0.299938,23.247505,8.000000,-0.292886
0.262960,23.287005,8.000000,-0.299334
0.215667,23.355763,8.000000,-0.306344
0.160121,23.449954,8.000000,-0.313905
0.098385,23.565751,8.000000,-0.322007
0.032518,23.699325,8.000000,-0.330639
-0.035416,23.846852,8.000000,-0.339790
-0.103357,24.004502,8.000000,-0.349450
-0.169242,24.168451,8.000000,-0.359608
-0.231011,24.334870,8.000000,-0.370254
-0.286601,24.499933,8.000000,-0.381376
-0.333952,24.659813,8.000000,-0.392964
-0.371000,24.810682,8.000000,-0.405008
-0.395685,24.948714,8.000000,-0.417496
-0.405946,25.070083,8.000000,-0.430417
-0.399720,25.170960,8.000000,-0.443763
-0.374946,25.247520,8.000000,-0.457520
-0.329624,25.296028,8.000000,-0.471678
-0.263745,25.315714,8.000000,-0.486174
-0.179649,25.309315,8.000000,-0.500885
-0.079813,25.279769,8.000000,-0.515687
0.033284,25.230015,8.000000,-0.530453
0.157167,25.162991,8.000000,-0.545058
0.289357,25.081637,8.000000,-0.559377
0.427378,24.988892,8.000000,-0.573284
0.568752,24.887693,8.000000,-0.586654
0.711003,24.780980,8.000000,-0.599360
0.851651,24.671691,8.000000,-0.611279
0.988222,24.562766,8.000000,-0.622283
1.118236,24.457143,8.000000,-0.632248
1.239218,24.357761,8.000000,-0.641048
1.348689,24.267558,8.000000,-0.648557
1.444173,24.189474,8.000000,-0.654651
1.523192,24.126446,8.000000,-0.659203
1.583283,24.081393,8.000000,-0.662089
1.623186,24.055358,8.000000,-0.663257
1.643753,24.046096,8.000000,-0.662784
1.646050,24.051029,8.000000,-0.660759
1.631143,24.067581,8.000000,-0.657272
1.600097,24.093174,8.000000,-0.652413
1.553980,24.125230,8.000000,-0.646270
1.493856,24.161173,8.000000,-0.638935
1.420791,24.198423,8.000000,-0.630495
1.335853,24.234405,8.000000,-0.621041
1.240105,24.266540,8.000000,-0.610662
1.134615,24.292252,8.000000,-0.599448
1.020449,24.308962,8.000000,-0.587489
0.898672,24.314093,8.000000,-0.574873
0.770349,24.305068,8.000000,-0.561690
0.636548,24.279309,8.000000,-0.548031
0.498334,24.234239,8.000000,-0.533984
0.356773,24.167282,8.000000,-0.519639
0.212840,24.077103,8.000000,-0.505091
0.067265,23.965658,8.000000,-0.490447
-0.079256,23.835443,8.000000,-0.475818
-0.226034,23.688956,8.000000,-0.461313
-0.372373,23.528692,8.000000,-0.447042
-0.517583,23.357150,8.000000,-0.433116
-0.660971,23.176824,8.000000,-0.419643
-0.801844,22.990213,8.000000,-0.406735
-0.939510,22.799812,8.000000,-0.394500
-1.073275,22.608119,8.000000,-0.383050
-1.202449,22.417631,8.000000,-0.372493
-1.326337,22.230843,8.000000,-0.362941
-1.444248,22.050252,8.000000,-0.354502
-1.555489,21.878356,8.000000,-0.347287
-1.659367,21.717651,8.000000,-0.341406
-1.755190,21.570633,8.000000,-0.336968
-1.842266,21.439800,8.000000,-0.334084
-1.919999,21.327228,8.000000,-0.332829
-1.988195,21.233264,8.000000,-0.333135
-2.046763,21.157810,8.000000,-0.334899
-2.095613,21.100766,8.000000,-0.338016
-2.134654,21.062035,8.000000,-0.342382
-2.163795,21.041517,8.000000,-0.347894
-2.182945,21.039115,8.000000,-0.354446
-2.192014,21.054728,8.000000,-0.361934
-2.190911,21.088259,8.000000,-0.370256
-2.179544,21.139610,8.000000,-0.379305
-2.157824,21.208680,8.000000,-0.388980
-2.125659,21.295373,8.000000,-0.399174
-2.082959,21.399589,8.000000,-0.409784
-2.029633,21.521229,8.000000,-0.420706
-1.965590,21.660195,8.000000,-0.431836
-1.890739,21.816388,8.000000,-0.443070
-1.804990,21.989710,8.000000,-0.454303
-1.708423,22.179926,8.000000,-0.465443
-1.602224,22.385923,8.000000,-0.476465
-1.488022,22.606238,8.000000,-0.487375
-1.367447,22.839405,8.000000,-0.498177
-1.242127,23.083961,8.000000,-0.508877
-1.113691,23.338440,8.000000,-0.519478
-0.983770,23.601379,8.000000,-0.529986
-0.853992,23.871312,8.000000,-0.540406
-0.725987,24.146776,8.000000,-0.550741
-0.601384,24.426305,8.000000,-0.560998
-0.481812,24.708435,8.000000,-0.571181
-0.368900,24.991703,8.000000,-0.581294
-0.264278,25.274642,8.000000,-0.591342
-0.169576,25.555790,8.000000,-0.601330
-0.086421,25.833680,8.000000,-0.611264
-0.016445,26.106849,8.000000,-0.621146
0.038725,26.373832,8.000000,-0.630983
0.077554,26.633168,8.000000,-0.640781
0.099514,26.883418,8.000000,-0.650560
0.104684,27.123163,8.000000,-0.660353
0.093150,27.350980,8.000000,-0.670188
0.064999,27.565448,8.000000,-0.680098
0.020316,27.765147,8.000000,-0.690113
-0.040812,27.948654,8.000000,-0.700264
-0.118300,28.114549,8.000000,-0.710582
-0.212059,28.261411,8.000000,-0.721097
-0.322006,28.387817,8.000000,-0.731841
-0.448052,28.492348,8.000000,-0.742843
-0.590112,28.573581,8.000000,-0.754135
-0.748100,28.630095,8.000000,-0.765748
-0.921930,28.660470,8.000000,-0.777713
-1.111514,28.663283,8.000000,-0.790059
-1.316767,28.637114,8.000000,-0.802819
-1.537603,28.580541,8.000000,-0.816023
-1.773827,28.492285,8.000000,-0.829699
-2.023205,28.373717,8.000000,-0.843842
-2.281689,28.228574,8.000000,-0.858414
-2.545167,28.060672,8.000000,-0.873376
-2.809528,27.873830,8.000000,-0.888689
-3.070660,27.671863,8.000000,-0.904315
-3.324451,27.458591,8.000000,-0.920216
-3.566788,27.237829,8.000000,-0.936352
-3.793561,27.013397,8.000000,-0.952685
-4.000657,26.789111,8.000000,-0.969176
-4.183965,26.568788,8.000000,-0.985787
-4.339372,26.356247,8.000000,-1.002478
-4.462768,26.155304,8.000000,-1.019212
-4.550039,25.969777,8.000000,-1.035949
-4.597075,25.803483,8.000000,-1.052650
-4.599764,25.660241,8.000000,-1.069278
-4.553993,25.543866,8.000000,-1.085793
-4.455763,25.458118,8.000000,-1.102156
-4.305525,25.404358,8.000000,-1.118305
-4.109575,25.380808,8.000000,-1.134144
-3.874604,25.385474,8.000000,-1.149576
-3.607304,25.416363,8.000000,-1.164507
-3.314367,25.471484,8.000000,-1.178838
-3.002484,25.548843,8.000000,-1.192473
-2.678348,25.646446,8.000000,-1.205317
-2.348650,25.762302,8.000000,-1.217272
-2.020081,25.894418,8.000000,-1.228241
-1.699335,26.040800,8.000000,-1.238128
-1.393101,26.199456,8.000000,-1.246838
-1.108073,26.368393,8.000000,-1.254272
-0.850941,26.545618,8.000000,-1.260335
-0.628398,26.729139,8.000000,-1.264929
-0.447136,26.916962,8.000000,-1.267959
-0.313845,27.107094,8.000000,-1.269328
-0.235186,27.297545,8.000000,-1.268940
-0.213780,27.486512,8.000000,-1.266797
-0.244351,27.672561,8.000000,-1.263087
-0.320711,27.854300,8.000000,-1.258024
-0.436669,28.030339,8.000000,-1.251820
-0.586036,28.199288,8.000000,-1.244686
-0.762623,28.359753,8.000000,-1.236836
-0.960240,28.510346,8.000000,-1.228481
-1.172697,28.649674,8.000000,-1.219833
-1.393806,28.776346,8.000000,-1.211104
-1.617376,28.888972,8.000000,-1.202507
-1.837218,28.986160,8.000000,-1.194254
-2.047143,29.066520,8.000000,-1.186557
-2.240961,29.128660,8.000000,-1.179628
-2.412482,29.171189,8.000000,-1.173680
-2.555517,29.192717,8.000000,-1.168923
-2.663877,29.191851,8.000000,-1.165572
-2.731373,29.167202,8.000000,-1.163837
-2.754093,29.118094,8.000000,-1.163842
-2.734908,29.045978,8.000000,-1.165448
-2.677944,28.952701,8.000000,-1.168465
-2.587329,28.840110,8.000000,-1.172704
-2.467190,28.710052,8.000000,-1.177976
-2.321653,28.564374,8.000000,-1.184092
-2.154847,28.404923,8.000000,-1.190864
-1.970899,28.233545,8.000000,-1.198101
-1.773936,28.052087,8.000000,-1.205615
-1.568085,27.862396,8.000000,-1.213218
-1.357473,27.666319,8.000000,-1.220719
-1.146228,27.465703,8.000000,-1.227930
-0.938477,27.262395,8.000000,-1.234662
-0.738347,27.058241,8.000000,-1.240726
-0.549966,26.855088,8.000000,-1.245933
-0.377460,26.654783,8.000000,-1.250094
-0.224958,26.459173,8.000000,-1.253019
-0.095725,26.269870,8.000000,-1.254557
0.010968,26.087394,8.000000,-1.254722
0.097007,25.911951,8.000000,-1.253578
0.164281,25.743744,8.000000,-1.251189
0.214675,25.582980,8.000000,-1.247620
0.250079,25.429862,8.000000,-1.242935
0.272378,25.284595,8.000000,-1.237197
0.283460,25.147383,8.000000,-1.230471
0.285213,25.018432,8.000000,-1.222820
0.279524,24.897946,8.000000,-1.214309
0.268280,24.786130,8.000000,-1.205002
0.253369,24.683188,8.000000,-1.194963
0.236678,24.589325,8.000000,-1.184256
0.220093,24.504746,8.000000,-1.172944
0.205504,24.429655,8.000000,-1.161093
0.194796,24.364257,8.000000,-1.148765
0.189857,24.308757,8.000000,-1.136026
0.192380,24.263258,8.000000,-1.122940
0.202630,24.227118,8.000000,-1.109577
0.220234,24.199364,8.000000,-1.096012
0.244818,24.179021,8.000000,-1.082316
0.276006,24.165114,8.000000,-1.068565
0.313423,24.156668,8.000000,-1.054831
0.356695,24.152708,8.000000,-1.041188
0.405446,24.152258,8.000000,-1.027708
0.459301,24.154344,8.000000,-1.014466
0.517886,24.157991,8.000000,-1.001535
0.580825,24.162224,8.000000,-0.988987
0.647743,24.166067,8.000000,-0.976898
0.718265,24.168546,8.000000,-0.965339
0.792017,24.168685,8.000000,-0.954384
0.868622,24.165511,8.000000,-0.944107
0.947707,24.158046,8.000000,-0.934582
1.028896,24.145317,8.000000,-0.925880
1.111742,24.126493,8.000000,-0.918070
1.194918,24.102496,8.000000,-0.911134
1.276507,24.075424,8.000000,-0.904999
1.354585,24.047393,8.000000,-0.899592
1.427225,24.020523,8.000000,-0.894839
1.492500,23.996930,8.000000,-0.890667
1.548484,23.978732,8.000000,-0.887001
1.593251,23.968048,8.000000,-0.883769
1.624876,23.966994,8.000000,-0.880897
1.641430,23.977689,8.000000,-0.878310
1.640990,24.002251,8.000000,-0.875936
1.621627,24.042797,8.000000,-0.873701
1.581416,24.101445,8.000000,-0.871530
1.518431,24.180312,8.000000,-0.869351
1.430746,24.281517,8.000000,-0.867090
1.316434,24.407178,8.000000,-0.864673
1.173568,24.559411,8.000000,-0.862027
1.000368,24.740196,8.000000,-0.859079
0.798294,24.948372,8.000000,-0.855813
0.572010,25.179680,8.000000,-0.852263
0.326313,25.429730,8.000000,-0.848466
0.066002,25.694133,8.000000,-0.844459
-0.204123,25.968499,8.000000,-0.840280
-0.479264,26.248436,8.000000,-0.835964
-0.754622,26.529556,8.000000,-0.831549
-1.025399,26.807468,8.000000,-0.827073
-1.286795,27.077782,8.000000,-0.822572
-1.534013,27.336108,8.000000,-0.818082
-1.762253,27.578056,8.000000,-0.813642
-1.966716,27.799236,8.000000,-0.809288
-2.142604,27.995258,8.000000,-0.805057
-2.285118,28.161731,8.000000,-0.800987
-2.389460,28.294267,8.000000,-0.797113
-2.450829,28.388474,8.000000,-0.793473
-2.464505,28.440032,8.000000,-0.790104
-2.429614,28.448143,8.000000,-0.787002
-2.350902,28.417143,8.000000,-0.784107
-2.233557,28.351775,8.000000,-0.781354
-2.082766,28.256782,8.000000,-0.778678
-1.903718,28.136907,8.000000,-0.776013
-1.701600,27.996893,8.000000,-0.773296
-1.481601,27.841481,8.000000,-0.770460
-1.248907,27.675415,8.000000,-0.767442
-1.008708,27.503437,8.000000,-0.764175
-0.766192,27.330290,8.000000,-0.760596
-0.526545,27.160717,8.000000,-0.756639
-0.294956,26.999460,8.000000,-0.752238
-0.076614,26.851263,8.000000,-0.747330
0.123295,26.720867,8.000000,-0.741849
0.299582,26.613016,8.000000,-0.735731
0.447059,26.532451,8.000000,-0.728909
0.560549,26.483905,8.000000,-0.721321
0.637073,26.469779,8.000000,-0.712933
0.678445,26.487401,8.000000,-0.703789
0.687108,26.533426,8.000000,-0.693940
0.665509,26.604510,8.000000,-0.683438
0.616093,26.697308,8.000000,-0.672335
0.541306,26.808478,8.000000,-0.660684
0.443593,26.934674,8.000000,-0.648535
0.325399,27.072552,8.000000,-0.635940
0.189169,27.218770,8.000000,-0.622953
0.037351,27.369982,8.000000,-0.609623
-0.127613,27.522844,8.000000,-0.596004
-0.303275,27.674013,8.000000,-0.582147
-0.487190,27.820145,8.000000,-0.568104
-0.676914,27.957894,8.000000,-0.553926
-0.870000,28.083918,8.000000,-0.539666
-1.064003,28.194873,8.000000,-0.525376
-1.256479,28.287413,8.000000,-0.511108
-1.445361,28.359326,8.000000,-0.496917
-1.629859,28.412175,8.000000,-0.482881
-1.809449,28.448319,8.000000,-0.469077
-1.983605,28.470114,8.000000,-0.455584
-2.151805,28.479917,8.000000,-0.442480
-2.313523,28.480084,8.000000,-0.429845
-2.468235,28.472972,8.000000,-0.417758
-2.615416,28.460938,8.000000,-0.406297
-2.754542,28.446339,8.000000,-0.395540
-2.885088,28.431531,8.000000,-0.385567
-3.006531,28.418871,8.000000,-0.376456
-3.118345,28.410716,8.000000,-0.368286
-3.220007,28.409423,8.000000,-0.361136
-3.310991,28.417348,8.000000,-0.355084
-3.390774,28.436848,8.000000,-0.350210
-3.458831,28.470280,8.000000,-0.346592
-3.514637,28.520000,8.000000,-0.344308
-3.557748,28.587752,8.000000,-0.343413
-3.588142,28.672073,8.000000,-0.343833
-3.605930,28.770454,8.000000,-0.345452
-3.611227,28.880384,8.000000,-0.348153
-3.604146,28.999354,8.000000,-0.351821
-3.584801,29.124854,8.000000,-0.356340
-3.553306,29.254374,8.000000,-0.361594
-3.509772,29.385405,8.000000,-0.367466
-3.454315,29.515437,8.000000,-0.373841
-3.387048,29.641960,8.000000,-0.380603
-3.308084,29.762465,8.000000,-0.387635
-3.217537,29.874441,8.000000,-0.394822
-3.115519,29.975379,8.000000,-0.402047
-3.002146,30.062769,8.000000,-0.409196
-2.877529,30.134102,8.000000,-0.416150
-2.741784,30.186867,8.000000,-0.422796
-2.595022,30.218555,8.000000,-0.429016
-2.437483,30.226978,8.000000,-0.434703
-2.270451,30.212634,8.000000,-0.439828
-2.095729,30.177360,8.000000,-0.444398
-1.915125,30.123001,8.000000,-0.448420
-1.730446,30.051403,8.000000,-0.451903
-1.543500,29.964410,8.000000,-0.454855
-1.356094,29.863870,8.000000,-0.457283
-1.170036,29.751627,8.000000,-0.459195
-0.987134,29.629527,8.000000,-0.460599
-0.809195,29.499415,8.000000,-0.461503
-0.638026,29.363138,8.000000,-0.461915
-0.475436,29.222541,8.000000,-0.461843
-0.323231,29.079469,8.000000,-0.461295
-0.183219,28.935768,8.000000,-0.460277
-0.057208,28.793284,8.000000,-0.458799
0.052994,28.653862,8.000000,-0.456869
0.145581,28.519348,8.000000,-0.454493
0.218859,28.391464,8.000000,-0.451682
0.272759,28.270190,8.000000,-0.448467
0.308418,28.154210,8.000000,-0.444897
0.327000,28.042179,8.000000,-0.441021
0.329671,27.932753,8.000000,-0.436888
0.317596,27.824584,8.000000,-0.432546
0.291938,27.716328,8.000000,-0.428045
0.253865,27.606639,8.000000,-0.423433
0.204539,27.494171,8.000000,-0.418759
0.145126,27.377580,8.000000,-0.414073
0.076792,27.255519,8.000000,-0.409423
0.000701,27.126644,8.000000,-0.404858
-0.081983,26.989608,8.000000,-0.400426
-0.170093,26.843066,8.000000,-0.396178
-0.262466,26.685673,8.000000,-0.392161
-0.357936,26.516083,8.000000,-0.388424
-0.455338,26.332950,8.000000,-0.385018
-0.553523,26.135019,8.000000,-0.381988
-0.651756,25.923459,8.000000,-0.379337
-0.749759,25.702095,8.000000,-0.377018
-0.847276,25.474888,8.000000,-0.374982
-0.944050,25.245798,8.000000,-0.373180
-1.039825,25.018787,8.000000,-0.371562
-1.134346,24.797814,8.000000,-0.370079
-1.227357,24.586841,8.000000,-0.368681
-1.318601,24.389828,8.000000,-0.367319
-1.407823,24.210735,8.000000,-0.365945
-1.494766,24.053523,8.000000,-0.364508
-1.579176,23.922153,8.000000,-0.362959
-1.660794,23.820586,8.000000,-0.361248
-1.739367,23.752781,8.000000,-0.359328
-1.814637,23.722699,8.000000,-0.357147
-1.886349,23.734302,8.000000,-0.354657
-1.954247,23.791549,8.000000,-0.351809
-2.018077,23.898348,8.000000,-0.348553
-2.077716,24.054929,8.000000,-0.344872
-2.133258,24.255571,8.000000,-0.340797
-2.184813,24.494008,8.000000,-0.336365
-2.232492,24.763976,8.000000,-0.331613
-2.276409,25.059209,8.000000,-0.326577
-2.316673,25.373442,8.000000,-0.321293
-2.353398,25.700411,8.000000,-0.315799
-2.386693,26.033849,8.000000,-0.310130
-2.416672,26.367492,8.000000,-0.304324
-2.443445,26.695074,8.000000,-0.298416
-2.467124,27.010330,8.000000,-0.292444
-2.487821,27.306996,8.000000,-0.286443
-2.505647,27.578805,8.000000,-0.280451
-2.520713,27.819494,8.000000,-0.274503
-2.533133,28.022795,8.000000,-0.268637
-2.543016,28.182446,8.000000,-0.262889
-2.550474,28.292188,8.000000,-0.257295
-2.555723,28.348546,8.000000,-0.251894
-2.559228,28.354833,8.000000,-0.246728
-2.561489,28.315374,8.000000,-0.241839
-2.563009,28.234498,8.000000,-0.237270
-2.564291,28.116531,8.000000,-0.233063
-2.565836,27.965801,8.000000,-0.229263
-2.568146,27.786635,8.000000,-0.225910
-2.571725,27.583359,8.000000,-0.223048
-2.577073,27.360301,8.000000,-0.220719
-2.584693,27.121788,8.000000,-0.218967
-2.595087,26.872147,8.000000,-0.217833
-2.608758,26.615705,8.000000,-0.217361
-2.626206,26.356790,8.000000,-0.217593
-2.647935,26.099728,8.000000,-0.218572
-2.674447,25.848846,8.000000,-0.220340
-2.706243,25.608472,8.000000,-0.222941
-2.743827,25.382933,8.000000,-0.226416
-2.787421,25.175641,8.000000,-0.230779
-2.836201,24.986556,8.000000,-0.235934
-2.889096,24.814828,8.000000,-0.241756
-2.945034,24.659606,8.000000,-0.248122
-3.002945,24.520037,8.000000,-0.254908
-3.061755,24.395271,8.000000,-0.261992
-3.120395,24.284457,8.000000,-0.269250
-3.177792,24.186743,8.000000,-0.276559
-3.232875,24.101277,8.000000,-0.283794
-3.284573,24.027209,8.000000,-0.290834
-3.331813,23.963687,8.000000,-0.297553
-3.373525,23.909860,8.000000,-0.303830
-3.408637,23.864877,8.000000,-0.309540
-3.436078,23.827885,8.000000,-0.314561
-3.454776,23.798035,8.000000,-0.318768
-3.463659,23.774474,8.000000,-0.322039
-3.461657,23.756351,8.000000,-0.324250
-3.447984,23.743006,8.000000,-0.325301
-3.423549,23.734912,8.000000,-0.325235
-3.389879,23.732953,8.000000,-0.324146
-3.348502,23.738017,8.000000,-0.322127
-3.300948,23.750988,8.000000,-0.319274
-3.248746,23.772755,8.000000,-0.315679
-3.193423,23.804201,8.000000,-0.311436
-3.136508,23.846215,8.000000,-0.306641
-3.079530,23.899682,8.000000,-0.301386
-3.024018,23.965489,8.000000,-0.295766
-2.971500,24.044521,8.000000,-0.289875
-2.923504,24.137665,8.000000,-0.283806
-2.881561,24.245808,8.000000,-0.277655
-2.847197,24.369835,8.000000,-0.271514
-2.821941,24.510632,8.000000,-0.265478
-2.807323,24.669087,8.000000,-0.259641
-2.804871,24.846085,8.000000,-0.254097
-2.815875,25.042243,8.000000,-0.248931
-2.839352,25.255615,8.000000,-0.244148
-2.873058,25.482829,8.000000,-0.239707
-2.914735,25.720501,8.000000,-0.235566
-2.962125,25.965244,8.000000,-0.231686
-3.012971,26.213674,8.000000,-0.228023
-3.065014,26.462404,8.000000,-0.224538
-3.115998,26.708050,8.000000,-0.221189
-3.163665,26.947227,8.000000,-0.217934
-3.205757,27.176547,8.000000,-0.214734
-3.240016,27.392627,8.000000,-0.211545
-3.264184,27.592080,8.000000,-0.208328
-3.276004,27.771521,8.000000,-0.205041
-3.273219,27.927565,8.000000,-0.201643
-3.253570,28.056826,8.000000,-0.198092
-3.214799,28.155919,8.000000,-0.194348
-3.154650,28.221457,8.000000,-0.190369
-3.071033,28.250264,8.000000,-0.186117
-2.964662,28.242587,8.000000,-0.181595
-2.838558,28.201502,8.000000,-0.176843
-2.695813,28.130166,8.000000,-0.171901
-2.539517,28.031739,8.000000,-0.166808
-2.372760,27.909377,8.000000,-0.161605
-2.198634,27.766239,8.000000,-0.156332
-2.020228,27.605485,8.000000,-0.151028
-1.840634,27.430271,8.000000,-0.145735
-1.662943,27.243756,8.000000,-0.140491
-1.490244,27.049098,8.000000,-0.135338
-1.325629,26.849456,8.000000,-0.130315
-1.172187,26.647988,8.000000,-0.125462
-1.033011,26.447852,8.000000,-0.120819
-0.911190,26.252206,8.000000,-0.116427
-0.809816,26.064209,8.000000,-0.112324
-0.731978,25.887019,8.000000,-0.108553
-0.680701,25.723741,8.000000,-0.105151
-0.656781,25.575735,8.000000,-0.102130
-0.658312,25.442234,8.000000,-0.099471
-0.683222,25.322346,8.000000,-0.097149
-0.729441,25.215178,8.000000,-0.095142
-0.794899,25.119838,8.000000,-0.093427
-0.877523,25.035432,8.000000,-0.091981
-0.975245,24.961068,8.000000,-0.090781
-1.085993,24.895853,8.000000,-0.089805
-1.207696,24.838893,8.000000,-0.089028
-1.338285,24.789297,8.000000,-0.088428
-1.475687,24.746172,8.000000,-0.087983
-1.617834,24.708623,8.000000,-0.087669
-1.762654,24.675760,8.000000,-0.087464
-1.908076,24.646689,8.000000,-0.087344
-2.052030,24.620516,8.000000,-0.087286
-2.192445,24.596350,8.000000,-0.087268
-2.327259,24.573307,8.000000,-0.087266
-2.455107,24.551339,8.000000,-0.087266
-2.575891,24.531913,8.000000,-0.087266
-2.689643,24.516649,8.000000,-0.087266
-2.796395,24.507171,8.000000,-0.087266
-2.896179,24.505102,8.000000,-0.087266
-2.989028,24.512063,8.000000,-0.087266
-3.074975,24.529678,8.000000,-0.087266
-3.154051,24.559570,8.000000,-0.087266
-3.226290,24.603359,8.000000,-0.087266
-3.291723,24.662671,8.000000,-0.087266
-3.350382,24.739126,8.000000,-0.087266
-3.402301,24.834348,8.000000,-0.087266
-3.447512,24.949959,8.000000,-0.087266
-3.486047,25.087582,8.000000,-0.087266
-3.517938,25.248839,8.000000,-0.087266
-3.543218,25.435353,8.000000,-0.087266
-3.561919,25.648744,8.000000,-0.087266
-3.574081,25.889216,8.000000,-0.087266
-3.579764,26.153097,8.000000,-0.087266
-3.579032,26.436062,8.000000,-0.087266
-3.571948,26.733782,8.000000,-0.087266
-3.558577,27.041932,8.000000,-0.087266
-3.538980,27.356184,8.000000,-0.087266
-3.513223,27.672212,8.000000,-0.087266
-3.481368,27.985689,8.000000,-0.087266
-3.443480,28.292288,8.000000,-0.087266
-3.399621,28.587683,8.000000,-0.087266
-3.349855,28.867546,8.000000,-0.087266
-3.294247,29.127552,8.000000,-0.087266
-3.232859,29.363372,8.000000,-0.087266
-3.165755,29.570681,8.000000,-0.087266
-3.092998,29.745151,8.000000,-0.087266
-3.014653,29.882457,8.000000,-0.087266
-2.930782,29.978270,8.000000,-0.087266
-2.841737,30.029424,8.000000,-0.087266
-2.749088,30.037669,8.000000,-0.087266
-2.654729,30.006064,8.000000,-0.087266
-2.560553,29.937664,8.000000,-0.087266
-2.468454,29.835527,8.000000,-0.087266
-2.380326,29.702709,8.000000,-0.087266
-2.298063,29.542267,8.000000,-0.087266
-2.223558,29.357258,8.000000,-0.087266
-2.158706,29.150740,8.000000,-0.087266
-2.105399,28.925768,8.000000,-0.087266
-2.065533,28.685400,8.000000,-0.087266
-2.041000,28.432692,8.000000,-0.087266
-2.033695,28.170702,8.000000,-0.087266
-2.045511,27.902486,8.000000,-0.087266
-2.078342,27.631101,8.000000,-0.087266
-2.134081,27.359604,8.000000,-0.087266
-2.214623,27.091052,8.000000,-0.087266
-2.321394,26.828321,8.000000,-0.087268
-2.452698,26.573077,8.000000,-0.087288
-2.605558,26.326492,8.000000,-0.087347
-2.776995,26.089736,8.000000,-0.087466
-2.964027,25.863978,8.000000,-0.087666
-3.163675,25.650389,8.000000,-0.087968
-3.372959,25.450138,8.000000,-0.088395
-3.588899,25.264395,8.000000,-0.088966
-3.808513,25.094330,8.000000,-0.089704
-4.028824,24.941113,8.000000,-0.090629
-4.246849,24.805914,8.000000,-0.091763
-4.459609,24.689902,8.000000,-0.093128
-4.664124,24.594247,8.000000,-0.094743
-4.857413,24.520119,8.000000,-0.096631
-5.036497,24.468688,8.000000,-0.098812
-5.198395,24.441124,8.000000,-0.101308
-5.340127,24.438596,8.000000,-0.104141
-5.458904,24.462028,8.000000,-0.107329
-5.554028,24.509646,8.000000,-0.110876
-5.626091,24.578007,8.000000,-0.114774
-5.675707,24.663646,8.000000,-0.119016
-5.703487,24.763097,8.000000,-0.123594
-5.710043,24.872895,8.000000,-0.128501
-5.695987,24.989574,8.000000,-0.133729
-5.661932,25.109668,8.000000,-0.139270
-5.608489,25.229712,8.000000,-0.145117
-5.536270,25.346240,8.000000,-0.151262
-5.445888,25.455786,8.000000,-0.157697
-5.337955,25.554884,8.000000,-0.164416
-5.213082,25.640070,8.000000,-0.171410
-5.071882,25.707877,8.000000,-0.178672
-4.914966,25.754839,8.000000,-0.186194
-4.742948,25.777491,8.000000,-0.193968
-4.556439,25.772368,8.000000,-0.201988
-4.356110,25.736173,8.000000,-0.210245
-4.143808,25.668951,8.000000,-0.218735
-3.922454,25.573799,8.000000,-0.227452
-3.695004,25.453927,8.000000,-0.236395
-3.464420,25.312541,8.000000,-0.245558
-3.233659,25.152852,8.000000,-0.254938
-3.005680,24.978068,8.000000,-0.264533
-2.783442,24.791397,8.000000,-0.274337
-2.569904,24.596049,8.000000,-0.284348
-2.368025,24.395232,8.000000,-0.294561
-2.180765,24.192154,8.000000,-0.304973
-2.011080,23.990025,8.000000,-0.315581
-1.861932,23.792054,8.000000,-0.326380
-1.736278,23.601448,8.000000,-0.337368
-1.637077,23.421417,8.000000,-0.348540
-1.567289,23.255169,8.000000,-0.359893
-1.529872,23.105914,8.000000,-0.371423
-1.527712,22.976818,8.000000,-0.383126
-1.560618,22.869312,8.000000,-0.394984
-1.624249,22.782486,8.000000,-0.406962
-1.713974,22.715264,8.000000,-0.419024
-1.825161,22.666570,8.000000,-0.431131
-1.953178,22.635330,8.000000,-0.443246
-2.093392,22.620466,8.000000,-0.455333
-2.241172,22.620905,8.000000,-0.467355
-2.391886,22.635570,8.000000,-0.479274
-2.540902,22.663386,8.000000,-0.491054
-2.683587,22.703277,8.000000,-0.502657
-2.815310,22.754167,8.000000,-0.514046
-2.931438,22.814982,8.000000,-0.525185
-3.027340,22.884645,8.000000,-0.536036
-3.098384,22.962081,8.000000,-0.546562
-3.139937,23.046214,8.000000,-0.556726
-3.147368,23.135970,8.000000,-0.566491
-3.116066,23.230270,8.000000,-0.575820
-3.044389,23.327918,8.000000,-0.584692
-2.936657,23.427469,8.000000,-0.593113
-2.797905,23.527452,8.000000,-0.601095
-2.633169,23.626394,8.000000,-0.608649
-2.447482,23.722823,8.000000,-0.615787
-2.245881,23.815265,8.000000,-0.622520
-2.033399,23.902249,8.000000,-0.628860
-1.815071,23.982303,8.000000,-0.634817
-1.595934,24.053952,8.000000,-0.640403
-1.381020,24.115726,8.000000,-0.645629
-1.175365,24.166152,8.000000,-0.650507
-0.984005,24.203757,8.000000,-0.655048
-0.811973,24.227069,8.000000,-0.659263
-0.664305,24.234615,8.000000,-0.663163
-0.546036,24.224923,8.000000,-0.666761
-0.462200,24.196520,8.000000,-0.670066
-0.417831,24.147935,8.000000,-0.673091
-0.416062,24.078485,8.000000,-0.675853
-0.454188,23.989910,8.000000,-0.678387
-0.528393,23.884416,8.000000,-0.680732
-0.634859,23.764205,8.000000,-0.682929
-0.769767,23.631482,8.000000,-0.685015
-0.929299,23.488451,8.000000,-0.687030
-1.109639,23.337315,8.000000,-0.689013
-1.306967,23.180278,8.000000,-0.691004
-1.517466,23.019545,8.000000,-0.693041
-1.737318,22.857319,8.000000,-0.695164
-1.962705,22.695804,8.000000,-0.697412
-2.189810,22.537204,8.000000,-0.699824
-2.414813,22.383724,8.000000,-0.702438
-2.633898,22.237566,8.000000,-0.705295
-2.843246,22.100934,8.000000,-0.708434
-3.039039,21.976034,8.000000,-0.711893
-3.217460,21.865068,8.000000,-0.715712
-3.375193,21.769929,8.000000,-0.719916
-3.511326,21.691020,8.000000,-0.724470
-3.625665,21.628299,8.000000,-0.729320
-3.718014,21.581724,8.000000,-0.734409
-3.788179,21.551253,8.000000,-0.739684
-3.835965,21.536845,8.000000,-0.745089
-3.861178,21.538457,8.000000,-0.750571
-3.863624,21.556047,8.000000,-0.756073
-3.843108,21.589574,8.000000,-0.761542
-3.799434,21.638996,8.000000,-0.766923
-3.732410,21.704270,8.000000,-0.772160
-3.641839,21.785355,8.000000,-0.777200
-3.527528,21.882209,8.000000,-0.781987
-3.389282,21.994789,8.000000,-0.786467
-3.226906,22.123055,8.000000,-0.790585
-3.040206,22.266964,8.000000,-0.794285
-2.828987,22.426473,8.000000,-0.797514
-2.593359,22.601321,8.000000,-0.800223
-2.335740,22.789568,8.000000,-0.802411
-2.059604,22.988507,8.000000,-0.804099
-1.768432,23.195428,8.000000,-0.805309
-1.465704,23.407618,8.000000,-0.806061
-1.154900,23.622367,8.000000,-0.806376
-0.839501,23.836964,8.000000,-0.806277
-0.522988,24.048699,8.000000,-0.805783
-0.208840,24.254859,8.000000,-0.804917
0.099461,24.452734,8.000000,-0.803698
0.398436,24.639613,8.000000,-0.802150
0.684604,24.812784,8.000000,-0.800291
0.954484,24.969538,8.000000,-0.798145
1.204597,25.107162,8.000000,-0.795732
1.431462,25.222946,8.000000,-0.793072
1.631598,25.314179,8.000000,-0.790188
1.801525,25.378149,8.000000,-0.787101
1.937971,25.412379,8.000000,-0.783830
2.040286,25.417329,8.000000,-0.780393
2.109624,25.395480,8.000000,-0.776800
2.147172,25.349350,8.000000,-0.773066
2.154120,25.281458,8.000000,-0.769201
2.131654,25.194323,8.000000,-0.765218
2.080963,25.090464,8.000000,-0.761130
2.003234,24.972401,8.000000,-0.756948
1.899657,24.842651,8.000000,-0.752685
1.771418,24.703734,8.000000,-0.748354
1.619706,24.558168,8.000000,-0.743965
1.445708,24.408474,8.000000,-0.739533
1.250614,24.257169,8.000000,-0.735068
1.035610,24.106772,8.000000,-0.730584
0.801886,23.959803,8.000000,-0.726092
0.550628,23.818780,8.000000,-0.721604
0.283025,23.686223,8.000000,-0.717134
0.000292,23.564600,8.000000,-0.712694
-0.295718,23.455224,8.000000,-0.708321
-0.602507,23.358231,8.000000,-0.704074
-0.917547,23.273708,8.000000,-0.700014
-1.238310,23.201740,8.000000,-0.696203
-1.562268,23.142413,8.000000,-0.692701
-1.886896,23.095811,8.000000,-0.689569
-2.209664,23.062021,8.000000,-0.686868
-2.528045,23.041128,8.000000,-0.684658
-2.839513,23.033217,8.000000,-0.683002
-3.141538,23.038374,8.000000,-0.681959
-3.431594,23.056685,8.000000,-0.681590
-3.707154,23.088235,8.000000,-0.681957
-3.965689,23.133109,8.000000,-0.683120
-4.204673,23.191393,8.000000,-0.685140
-4.421577,23.263173,8.000000,-0.688078
-4.613874,23.348533,8.000000,-0.691995
-4.779065,23.447549,8.000000,-0.696951
-4.916167,23.559642,8.000000,-0.702954
-5.026470,23.683266,8.000000,-0.709940
-5.111450,23.816791,8.000000,-0.717835
-5.172581,23.958590,8.000000,-0.726565
-5.211340,24.107033,8.000000,-0.736060
-5.229202,24.260494,8.000000,-0.746245
-5.227643,24.417343,8.000000,-0.757048
-5.208137,24.575953,8.000000,-0.768397
-5.172162,24.734695,8.000000,-0.780219
-5.121191,24.891941,8.000000,-0.792440
-5.056702,25.046062,8.000000,-0.804989
-4.980168,25.195431,8.000000,-0.817793
-4.893067,25.338420,8.000000,-0.830778
-4.796873,25.473399,8.000000,-0.843873
-4.693062,25.598741,8.000000,-0.857004
-4.583109,25.712818,8.000000,-0.870099
-4.468490,25.814003,8.000000,-0.883085
-4.350599,25.901176,8.000000,-0.895916
-4.230649,25.974350,8.000000,-0.908600
-4.109827,26.033691,8.000000,-0.921156
-3.989323,26.079366,8.000000,-0.933601
-3.870324,26.111543,8.000000,-0.945953
-3.754018,26.130388,8.000000,-0.958229
-3.641593,26.136069,8.000000,-0.970447
-3.534238,26.128751,8.000000,-0.982626
-3.433140,26.108603,8.000000,-0.994781
-3.339489,26.075791,8.000000,-1.006932
-3.254471,26.030482,8.000000,-1.019095
-3.179275,25.972843,8.000000,-1.031289
-3.115089,25.903041,8.000000,-1.043530
-3.063102,25.821243,8.000000,-1.055837
-3.024500,25.727616,8.000000,-1.068228
-3.000474,25.622326,8.000000,-1.080719
-2.992209,25.505542,8.000000,-1.093329
-3.000153,25.377956,8.000000,-1.106055
-3.022190,25.242076,8.000000,-1.118830
-3.055652,25.100804,8.000000,-1.131570
-3.097873,24.957038,8.000000,-1.144194
-3.146185,24.813678,8.000000,-1.156618
-3.197921,24.673625,8.000000,-1.168759
-3.250414,24.539777,8.000000,-1.180534
-3.300998,24.415036,8.000000,-1.191862
-3.347004,24.302300,8.000000,-1.202659
-3.385766,24.204469,8.000000,-1.212842
-3.414617,24.124444,8.000000,-1.222329
-3.430889,24.065124,8.000000,-1.231036
-3.431915,24.029409,8.000000,-1.238882
-3.415029,24.020198,8.000000,-1.245784
-3.377563,24.040392,8.000000,-1.251658
-3.316850,24.092891,8.000000,-1.256422
-3.230223,24.180594,8.000000,-1.259993
-3.115737,24.305557,8.000000,-1.262306
-2.975334,24.465288,8.000000,-1.263395
-2.812264,24.655767,8.000000,-1.263323
-2.629777,24.872974,8.000000,-1.262157
-2.431123,25.112888,8.000000,-1.259960
-2.219552,25.371489,8.000000,-1.256799
-1.998314,25.644756,8.000000,-1.252738
-1.770660,25.928669,8.000000,-1.247842
-1.539838,26.219207,8.000000,-1.242176
-1.309100,26.512350,8.000000,-1.235806
-1.081695,26.804078,8.000000,-1.228796
-0.860874,27.090369,8.000000,-1.221212
-0.649885,27.367203,8.000000,-1.213119
-0.451980,27.630561,8.000000,-1.204582
-0.270409,27.876420,8.000000,-1.195665
-0.108421,28.100762,8.000000,-1.186434
0.030734,28.299565,8.000000,-1.176954
0.144192,28.469203,8.000000,-1.167287
0.232431,28.609451,8.000000,-1.157477
0.297635,28.721824,8.000000,-1.147554
0.342002,28.807852,8.000000,-1.137550
0.367733,28.869063,8.000000,-1.127498
0.377024,28.906986,8.000000,-1.117427
0.372075,28.923150,8.000000,-1.107371
0.355085,28.919084,8.000000,-1.097361
0.328253,28.896318,8.000000,-1.087428
0.293776,28.856380,8.000000,-1.077604
0.253854,28.800799,8.000000,-1.067921
0.210685,28.731104,8.000000,-1.058411
0.166468,28.648824,8.000000,-1.049104
0.123402,28.555488,8.000000,-1.040034
0.083686,28.452626,8.000000,-1.031230
0.049517,28.341765,8.000000,-1.022726
0.023095,28.224436,8.000000,-1.014552
0.006506,28.102116,8.000000,-1.006739
0.000175,27.975534,8.000000,-0.999309
0.003265,27.844846,8.000000,-0.992273
0.014903,27.710197,8.000000,-0.985644
0.034219,27.571729,8.000000,-0.979433
0.060344,27.429584,8.000000,-0.973654
0.092405,27.283907,8.000000,-0.968318
0.129533,27.134840,8.000000,-0.963437
0.170857,26.982526,8.000000,-0.959024
0.215506,26.827108,8.000000,-0.955091
0.262609,26.668729,8.000000,-0.951650
0.311297,26.507532,8.000000,-0.948713
0.360697,26.343660,8.000000,-0.946293
0.409940,26.177257,8.000000,-0.944402
0.458155,26.008464,8.000000,-0.943052
0.504472,25.837426,8.000000,-0.942255
0.548019,25.664284,8.000000,-0.942023
0.587928,25.489193,8.000000,-0.942368
0.623403,25.312604,8.000000,-0.943252
0.653729,25.135304,8.000000,-0.944588
0.678192,24.958095,8.000000,-0.946285
0.696083,24.781783,8.000000,-0.948251
0.706688,24.607171,8.000000,-0.950396
0.709296,24.435062,8.000000,-0.952629
0.703196,24.266262,8.000000,-0.954858
0.687675,24.101575,8.000000,-0.956992
0.662023,23.941803,8.000000,-0.958940
0.625527,23.787751,8.000000,-0.960612
0.577475,23.640224,8.000000,-0.961915
0.517157,23.500024,8.000000,-0.962760
0.443859,23.367957,8.000000,-0.963054
0.356871,23.244826,8.000000,-0.962708
0.255481,23.131435,8.000000,-0.961629
0.138977,23.028588,8.000000,-0.959727
0.006659,22.937081,8.000000,-0.956911
-0.141259,22.857157,8.000000,-0.953143
-0.303050,22.788137,8.000000,-0.948473
-0.476841,22.729253,8.000000,-0.942957
-0.660760,22.679740,8.000000,-0.936652
-0.852936,22.638830,8.000000,-0.929615
-1.051496,22.605757,8.000000,-0.921904
-1.254569,22.579754,8.000000,-0.913574
-1.460281,22.560054,8.000000,-0.904685
-1.666762,22.545892,8.000000,-0.895292
-1.872140,22.536500,8.000000,-0.885452
-2.074541,22.531112,8.000000,-0.875223
-2.272095,22.528961,8.000000,-0.864662
-2.462930,22.529281,8.000000,-0.853825
-2.645172,22.531305,8.000000,-0.842771
-2.816951,22.534266,8.000000,-0.831555
-2.976395,22.537397,8.000000,-0.820235
-3.121632,22.539934,8.000000,-0.808868
-3.251566,22.541636,8.000000,-0.797497
-3.367032,22.543583,8.000000,-0.786129
-3.469169,22.547057,8.000000,-0.774767
-3.559113,22.553340,8.000000,-0.763414
-3.638000,22.563715,8.000000,-0.752071
-3.706966,22.579464,8.000000,-0.740740
-3.767149,22.601869,8.000000,-0.729425
-3.819685,22.632213,8.000000,-0.718126
-3.865711,22.671779,8.000000,-0.706848
-3.906363,22.721848,8.000000,-0.695591
-3.942777,22.783704,8.000000,-0.684358
-3.976091,22.858628,8.000000,-0.673151
-4.007440,22.947903,8.000000,-0.661973
-4.037962,23.052812,8.000000,-0.650825
-4.068794,23.174636,8.000000,-0.639711
-4.101070,23.314659,8.000000,-0.628632
-4.135930,23.474162,8.000000,-0.617591
-4.174184,23.653869,8.000000,-0.606591
-4.215391,23.852333,8.000000,-0.595645
-4.258803,24.067579,8.000000,-0.584766
-4.303672,24.297633,8.000000,-0.573968
-4.349251,24.540521,8.000000,-0.563264
-4.394793,24.794268,8.000000,-0.552667
-4.439549,25.056900,8.000000,-0.542192
-4.482772,25.326442,8.000000,-0.531852
-4.523714,25.600921,8.000000,-0.521660
-4.561628,25.878362,8.000000,-0.511630
-4.595767,26.156791,8.000000,-0.501776
-4.625382,26.434233,8.000000,-0.492110
-4.649726,26.708714,8.000000,-0.482647
-4.668052,26.978260,8.000000,-0.473400
-4.679612,27.240897,8.000000,-0.464383
-4.683658,27.494650,8.000000,-0.455609
-4.679443,27.737544,8.000000,-0.447092
-4.666295,27.967813,8.000000,-0.438849
-4.644006,28.184944,8.000000,-0.430926
-4.612545,28.388897,8.000000,-0.423379
-4.571877,28.579636,8.000000,-0.416263
-4.521971,28.757121,8.000000,-0.409634
-4.462794,28.921315,8.000000,-0.403546
-4.394312,29.072179,8.000000,-0.398056
-4.316494,29.209676,8.000000,-0.393220
-4.229307,29.333768,8.000000,-0.389091
-4.132717,29.444415,8.000000,-0.385727
-4.026693,29.541581,8.000000,-0.383183
-3.911202,29.625227,8.000000,-0.381514
-3.786211,29.695315,8.000000,-0.380775
-3.651687,29.751807,8.000000,-0.381022
-3.507598,29.794665,8.000000,-0.382312
-3.353910,29.823850,8.000000,-0.384698
-3.190593,29.839325,8.000000,-0.388237
-3.017779,29.841100,8.000000,-0.392973
-2.837262,29.829659,8.000000,-0.398836
-2.651777,29.805761,8.000000,-0.405691
-2.464070,29.770164,8.000000,-0.413403
-2.276887,29.723628,8.000000,-0.421837
-2.092976,29.666913,8.000000,-0.430856
-1.915083,29.600779,8.000000,-0.440326
-1.745954,29.525985,8.000000,-0.450112
-1.588337,29.443290,8.000000,-0.460078
-1.444976,29.353456,8.000000,-0.470088
-1.318620,29.257240,8.000000,-0.480007
-1.212014,29.155404,8.000000,-0.489700
-1.127905,29.048706,8.000000,-0.499032
-1.069040,28.937907,8.000000,-0.507866
-1.038165,28.823766,8.000000,-0.516068
-1.038026,28.707042,8.000000,-0.523502
-1.071371,28.588496,8.000000,-0.530033
-1.140742,28.468877,8.000000,-0.535532
-1.245179,28.348745,8.000000,-0.539986
-1.380756,28.228506,8.000000,-0.543475
-1.543456,28.108557,8.000000,-0.546088
-1.729259,27.989298,8.000000,-0.547910
-1.934149,27.871128,8.000000,-0.549026
-2.154107,27.754445,8.000000,-0.549523
-2.385114,27.639649,8.000000,-0.549487
-2.623153,27.527137,8.000000,-0.549003
-2.864206,27.417310,8.000000,-0.548158
-3.104255,27.310565,8.000000,-0.547037
-3.339281,27.207302,8.000000,-0.545727
-3.565266,27.107920,8.000000,-0.544313
-3.778192,27.012817,8.000000,-0.542881
-3.974041,26.922392,8.000000,-0.541517
-4.148796,26.837045,8.000000,-0.540308
-4.298437,26.757173,8.000000,-0.539339
-4.419008,26.683175,8.000000,-0.538695
-4.508723,26.615400,8.000000,-0.538433
-4.568500,26.554138,8.000000,-0.538574
-4.599427,26.499675,8.000000,-0.539137
-4.602593,26.452298,8.000000,-0.540141
-4.579085,26.412292,8.000000,-0.541603
-4.529992,26.379945,8.000000,-0.543544
-4.456403,26.355542,8.000000,-0.545982
-4.359404,26.339370,8.000000,-0.548936
-4.240085,26.331715,8.000000,-0.552425
-4.099534,26.332862,8.000000,-0.556467
-3.938838,26.343099,8.000000,-0.561082
-3.759086,26.362712,8.000000,-0.566287
-3.561366,26.391987,8.000000,-0.572103
-3.346766,26.431209,8.000000,-0.578547
-3.116374,26.480667,8.000000,-0.585639
-2.871279,26.540644,8.000000,-0.593398
-2.612572,26.611421,8.000000,-0.601841
-2.341673,26.692466,8.000000,-0.610945
-2.060614,26.781749,8.000000,-0.620604
-1.771492,26.877079,8.000000,-0.630707
-1.476404,26.976263,8.000000,-0.641140
-1.177446,27.077109,8.000000,-0.651790
-0.876716,27.177425,8.000000,-0.662546
-0.576311,27.275019,8.000000,-0.673292
-0.278328,27.367699,8.000000,-0.683918
0.015136,27.453272,8.000000,-0.694310
0.301984,27.529546,8.000000,-0.704355
0.580118,27.594330,8.000000,-0.713941
0.847443,27.645432,8.000000,-0.722954
1.101860,27.680658,8.000000,-0.731281
1.341273,27.697817,8.000000,-0.738811
1.563584,27.694717,8.000000,-0.745429
1.766697,27.669166,8.000000,-0.751024
1.948516,27.618973,8.000000,-0.755481
2.107697,27.543030,8.000000,-0.758741
2.245021,27.443279,8.000000,-0.760888
2.361635,27.322191,8.000000,-0.762031
2.458689,27.182240,8.000000,-0.762279
2.537331,27.025899,8.000000,-0.761743
2.598710,26.855639,8.000000,-0.760532
2.643976,26.673934,8.000000,-0.758756
2.674277,26.483256,8.000000,-0.756524
2.690761,26.286078,8.000000,-0.753946
2.694578,26.084873,8.000000,-0.751132
2.686877,25.882112,8.000000,-0.748192
2.668805,25.680269,8.000000,-0.745234
2.641514,25.481817,8.000000,-0.742369
2.606150,25.289228,8.000000,-0.739706
2.563863,25.104974,8.000000,-0.737355
2.515801,24.931529,8.000000,-0.735426
2.463115,24.771365,8.000000,-0.734028
2.406593,24.626591,8.000000,-0.733238
2.345463,24.497729,8.000000,-0.732995
2.278522,24.384867,8.000000,-0.733195
2.204567,24.288091,8.000000,-0.733738
2.122397,24.207490,8.000000,-0.734521
2.030808,24.143151,8.000000,-0.735444
1.928600,24.095161,8.000000,-0.736404
1.814569,24.063608,8.000000,-0.737301
1.687515,24.048579,8.000000,-0.738032
1.546233,24.050162,8.000000,-0.738496
1.389522,24.068444,8.000000,-0.738592
1.216181,24.103512,8.000000,-0.738217
1.025006,24.155455,8.000000,-0.737271
0.814796,24.224360,8.000000,-0.735651
0.584347,24.310314,8.000000,-0.733256
0.332459,24.413404,8.000000,-0.729985
0.057929,24.533719,8.000000,-0.725736
-0.239853,24.671064,8.000000,-0.720424
-0.557416,24.823316,8.000000,-0.714084
-0.889567,24.987533,8.000000,-0.706800
-1.231106,25.160774,8.000000,-0.698656
-1.576835,25.340095,8.000000,-0.689737
-1.921556,25.522553,8.000000,-0.680127
-2.260070,25.705206,8.000000,-0.669911
-2.587177,25.885110,8.000000,-0.659173
-2.897679,26.059324,8.000000,-0.647997
-3.186378,26.224903,8.000000,-0.636467
-3.448075,26.378906,8.000000,-0.624669
-3.677570,26.518389,8.000000,-0.612686
-3.869665,26.640410,8.000000,-0.600603
-4.019162,26.742026,8.000000,-0.588504
-4.120862,26.820293,8.000000,-0.576474
-4.169565,26.872270,8.000000,-0.564596
-4.160074,26.895012,8.000000,-0.552957
-4.087858,26.885907,8.000000,-0.541632
-3.955983,26.846067,8.000000,-0.530623
-3.772328,26.778971,8.000000,-0.519882
-3.544851,26.688131,8.000000,-0.509361
-3.281506,26.577064,8.000000,-0.499012
-2.990251,26.449284,8.000000,-0.488785
-2.679041,26.308306,8.000000,-0.478634
-2.355833,26.157644,8.000000,-0.468508
-2.028583,26.000814,8.000000,-0.458360
-1.705247,25.841329,8.000000,-0.448142
-1.393781,25.682704,8.000000,-0.437805
-1.102142,25.528455,8.000000,-0.427300
-0.838286,25.382095,8.000000,-0.416579
-0.610168,25.247140,8.000000,-0.405594
-0.425746,25.127105,8.000000,-0.394296
-0.292975,25.025503,8.000000,-0.382637
-0.219812,24.945850,8.000000,-0.370569
-0.213847,24.891496,8.000000,-0.358045
-0.275174,24.862406,8.000000,-0.345086
-0.396857,24.855374,8.000000,-0.331770
-0.571690,24.867072,8.000000,-0.318179
-0.792465,24.894171,8.000000,-0.304394
-1.051975,24.933342,8.000000,-0.290497
-1.343013,24.981257,8.000000,-0.276570
-1.658373,25.034587,8.000000,-0.262693
-1.990847,25.090002,8.000000,-0.248948
-2.333229,25.144176,8.000000,-0.235418
-2.678311,25.193778,8.000000,-0.222182
-3.018887,25.235481,8.000000,-0.209324
-3.347750,25.265955,8.000000,-0.196924
-3.657692,25.281872,8.000000,-0.185064
-3.941507,25.279903,8.000000,-0.173825
-4.191988,25.256720,8.000000,-0.163290
-4.401928,25.208993,8.000000,-0.153539
-4.564215,25.133457,8.000000,-0.144652
-4.676013,25.029644,8.000000,-0.136667
-4.740401,24.900954,8.000000,-0.129558
-4.760890,24.751075,8.000000,-0.123295
-4.740994,24.583693,8.000000,-0.117848
-4.684222,24.402492,8.000000,-0.113187
-4.594088,24.211160,8.000000,-0.109283
-4.474102,24.013381,8.000000,-0.106107
-4.327778,23.812842,8.000000,-0.103627
-4.158627,23.613229,8.000000,-0.101815
-3.970161,23.418227,8.000000,-0.100640
-3.765891,23.231523,8.000000,-0.100073
-3.549331,23.056801,8.000000,-0.100085
-3.323990,22.897749,8.000000,-0.100644
-3.093382,22.758052,8.000000,-0.101722
-2.861019,22.641396,8.000000,-0.103289
-2.630411,22.551467,8.000000,-0.105315
-2.405066,22.491939,8.000000,-0.107770
-2.187636,22.464897,8.000000,-0.110619
-1.979008,22.469131,8.000000,-0.113818
-1.779851,22.503027,8.000000,-0.117320
-1.590836,22.564971,8.000000,-0.121079
-1.412632,22.653348,8.000000,-0.125048
-1.245909,22.766544,8.000000,-0.129183
-1.091335,22.902943,8.000000,-0.133435
-0.949581,23.060932,8.000000,-0.137760
-0.821316,23.238895,8.000000,-0.142110
-0.707210,23.435219,8.000000,-0.146440
-0.607932,23.648287,8.000000,-0.150704
-0.524152,23.876487,8.000000,-0.154855
-0.456539,24.118203,8.000000,-0.158846
-0.405763,24.371821,8.000000,-0.162633
-0.372493,24.635725,8.000000,-0.166168
-0.357400,24.908302,8.000000,-0.169405
-0.361151,25.187937,8.000000,-0.172298
-0.384033,25.473051,8.000000,-0.174812
-0.425117,25.762179,8.000000,-0.176946
-0.483233,26.053877,8.000000,-0.178706
-0.557213,26.346703,8.000000,-0.180097
-0.645890,26.639213,8.000000,-0.181126
-0.748095,26.929965,8.000000,-0.181798
-0.862659,27.217516,8.000000,-0.182120
-0.988414,27.500421,8.000000,-0.182096
-1.124192,27.777239,8.000000,-0.181734
-1.268825,28.046526,8.000000,-0.181039
-1.421145,28.306839,8.000000,-0.180016
-1.579982,28.556735,8.000000,-0.178673
-1.744169,28.794771,8.000000,-0.177014
-1.912537,29.019503,8.000000,-0.175045
-2.083918,29.229490,8.000000,-0.172773
-2.257144,29.423287,8.000000,-0.170203
-2.431046,29.599451,8.000000,-0.167342
-2.604404,29.756756,8.000000,-0.164204
-2.775738,29.895034,8.000000,-0.160854
-2.943491,30.014446,8.000000,-0.157369
-3.106104,30.115152,8.000000,-0.153829
-3.262018,30.197313,8.000000,-0.150312
-3.409675,30.261088,8.000000,-0.146895
-3.547517,30.306637,8.000000,-0.143658
-3.673985,30.334121,8.000000,-0.140679
-3.787522,30.343701,8.000000,-0.138037
-3.886567,30.335535,8.000000,-0.135809
-3.969565,30.309785,8.000000,-0.134074
-4.034954,30.266611,8.000000,-0.132910
-4.081179,30.206172,8.000000,-0.132397
-4.106679,30.128630,8.000000,-0.132612
-4.109897,30.034144,8.000000,-0.133633
-4.089274,29.922875,8.000000,-0.135540
-4.043252,29.794982,8.000000,-0.138410
-3.970658,29.650759,8.000000,-0.142310
-3.873349,29.491541,8.000000,-0.147209
-3.754603,29.319152,8.000000,-0.153030
-3.617709,29.135420,8.000000,-0.159699
-3.465955,28.942174,8.000000,-0.167138
-3.302631,28.741241,8.000000,-0.175271
-3.131023,28.534450,8.000000,-0.184021
-2.954422,28.323627,8.000000,-0.193313
-2.776115,28.110601,8.000000,-0.203070
-2.599390,27.897201,8.000000,-0.213216
-2.427537,27.685253,8.000000,-0.223674
-2.263843,27.476586,8.000000,-0.234369
-2.111597,27.273028,8.000000,-0.245223
-1.974088,27.076406,8.000000,-0.256160
-1.854604,26.888549,8.000000,-0.267105
-1.756433,26.711284,8.000000,-0.277981
-1.682864,26.546439,8.000000,-0.288711
-1.636961,26.395712,8.000000,-0.299221
-1.618849,26.259068,8.000000,-0.309471
-1.626582,26.135258,8.000000,-0.319441
-1.658169,26.023007,8.000000,-0.329113
-1.711622,25.921038,8.000000,-0.338468
-1.784950,25.828075,8.000000,-0.347489
-1.876164,25.742844,8.000000,-0.356157
-1.983273,25.664068,8.000000,-0.364453
-2.104289,25.590472,8.000000,-0.372359
-2.237222,25.520780,8.000000,-0.379858
-2.380082,25.453716,8.000000,-0.386929
-2.530879,25.388004,8.000000,-0.393556
-2.687623,25.322370,8.000000,-0.399720
-2.848326,25.255536,8.000000,-0.405403
-3.010996,25.186228,8.000000,-0.410585
-3.173646,25.113170,8.000000,-0.415250
-3.334284,25.035086,8.000000,-0.419378
-3.490945,24.950769,8.000000,-0.422951
-3.642240,24.860719,8.000000,-0.425970
-3.787384,24.767208,8.000000,-0.428452
-3.925618,24.672590,8.000000,-0.430415
-4.056184,24.579219,8.000000,-0.431877
-4.178323,24.489452,8.000000,-0.432857
-4.291278,24.405642,8.000000,-0.433372
-4.394288,24.330144,8.000000,-0.433441
-4.486597,24.265312,8.000000,-0.433083
-4.567445,24.213502,8.000000,-0.432315
-4.636075,24.177068,8.000000,-0.431155
-4.691728,24.158365,8.000000,-0.429622
-4.733646,24.159747,8.000000,-0.427734
-4.761069,24.183570,8.000000,-0.425510
-4.773241,24.232187,8.000000,-0.422967
-4.769402,24.307953,8.000000,-0.420124
-4.748794,24.413224,8.000000,-0.416999
-4.710668,24.550312,8.000000,-0.413610
-4.654879,24.719091,8.000000,-0.410006
-4.582202,24.915687,8.000000,-0.406277
-4.493493,25.135909,8.000000,-0.402519
-4.389606,25.375565,8.000000,-0.398826
-4.271396,25.630461,8.000000,-0.395294
-4.139719,25.896407,8.000000,-0.392019
-3.995430,26.169209,8.000000,-0.389095
-3.839383,26.444676,8.000000,-0.386617
-3.672433,26.718616,8.000000,-0.384681
-3.495436,26.986837,8.000000,-0.383381
-3.309246,27.245146,8.000000,-0.382813
-3.114719,27.489352,8.000000,-0.383073
-2.912709,27.715262,8.000000,-0.384254
-2.704072,27.918684,8.000000,-0.386453
-2.489663,28.095426,8.000000,-0.389764
-2.270336,28.241296,8.000000,-0.394283
-2.046948,28.352109,8.000000,-0.400104
-1.820684,28.425403,8.000000,-0.407252
-1.593486,28.462690,8.000000,-0.415586
-1.367404,28.466044,8.000000,-0.424945
-1.144487,28.437535,8.000000,-0.435166
-0.926783,28.379236,8.000000,-0.446086
-0.716343,28.293219,8.000000,-0.457543
-0.515214,28.181555,8.000000,-0.469375
-0.325447,28.046317,8.000000,-0.481417
-0.149091,27.889576,8.000000,-0.493510
0.011806,27.713404,8.000000,-0.505488
0.155195,27.519873,8.000000,-0.517191
0.279025,27.311055,8.000000,-0.528456
0.381248,27.089022,8.000000,-0.539119
0.459815,26.855845,8.000000,-0.549019
0.512676,26.613598,8.000000,-0.557993
0.537783,26.364351,8.000000,-0.565878
0.533087,26.110176,8.000000,-0.572513
0.497491,25.853194,8.000000,-0.577781
0.433290,25.595699,8.000000,-0.581734
0.343528,25.340023,8.000000,-0.584463
0.231251,25.088497,8.000000,-0.586055
0.099505,24.843455,8.000000,-0.586601
-0.048665,24.607227,8.000000,-0.586190
-0.210215,24.382146,8.000000,-0.584911
-0.382098,24.170543,8.000000,-0.582852
-0.561269,23.974752,8.000000,-0.580105
-0.744682,23.797103,8.000000,-0.576757
-0.929294,23.639930,8.000000,-0.572897
-1.112057,23.505564,8.000000,-0.568617
-1.289927,23.396336,8.000000,-0.564003
-1.459858,23.314580,8.000000,-0.559146
-1.618805,23.262626,8.000000,-0.554136
-1.763722,23.242808,8.000000,-0.549060
-1.891565,23.257457,8.000000,-0.544010
-1.999792,23.308258,8.000000,-0.539056
-2.088666,23.393295,8.000000,-0.534185
-2.159420,23.509411,8.000000,-0.529349
-2.213285,23.653446,8.000000,-0.524501
-2.251495,23.822241,8.000000,-0.519595
-2.275281,24.012636,8.000000,-0.514583
-2.285877,24.221472,8.000000,-0.509420
-2.284516,24.445590,8.000000,-0.504057
-2.272429,24.681830,8.000000,-0.498450
-2.250849,24.927033,8.000000,-0.492550
-2.221010,25.178039,8.000000,-0.486311
-2.184143,25.431690,8.000000,-0.479686
-2.141482,25.684825,8.000000,-0.472629
-2.094258,25.934286,8.000000,-0.465092
-2.043705,26.176913,8.000000,-0.457030
-1.991055,26.409546,8.000000,-0.448394
-1.937541,26.629027,8.000000,-0.439139
-1.884303,26.832441,8.000000,-0.429229
-1.831663,27.019059,8.000000,-0.418734
-1.779512,27.189303,8.000000,-0.407775
-1.727738,27.343604,8.000000,-0.396478
-1.676226,27.482392,8.000000,-0.384965
-1.624865,27.606099,8.000000,-0.373361
-1.573541,27.715155,8.000000,-0.361790
-1.522142,27.809992,8.000000,-0.350374
-1.470554,27.891041,8.000000,-0.339238
-1.418665,27.958732,8.000000,-0.328506
-1.366362,28.013496,8.000000,-0.318301
-1.313532,28.055765,8.000000,-0.308747
-1.260062,28.085970,8.000000,-0.299968
-1.205839,28.104541,8.000000,-0.292087
-1.150751,28.111910,8.000000,-0.285229
-1.094684,28.108507,8.000000,-0.279516
-1.037525,28.094763,8.000000,-0.275074
-0.979173,28.071118,8.000000,-0.272019
-0.919693,28.038133,8.000000,-0.270366
-0.859282,27.996465,8.000000,-0.270054
-0.798138,27.946775,8.000000,-0.271017
-0.736462,27.889723,8.000000,-0.273191
-0.674454,27.825967,8.000000,-0.276510
-0.612313,27.756170,8.000000,-0.280908
-0.550238,27.680989,8.000000,-0.286323
-0.488431,27.601087,8.000000,-0.292687
-0.427090,27.517121,8.000000,-0.299937
-0.366416,27.429753,8.000000,-0.308007
-0.306607,27.339643,8.000000,-0.316832
-0.247864,27.247450,8.000000,-0.326348
-0.190387,27.153834,8.000000,-0.336489
-0.134375,27.059456,8.000000,-0.347190
-0.080028,26.964976,8.000000,-0.358387
-0.027546,26.871052,8.000000,-0.370014
0.022870,26.778327,8.000000,-0.382006
0.070978,26.686860,8.000000,-0.394267
0.116490,26.596041,8.000000,-0.406670
0.159113,26.505224,8.000000,-0.419084
0.198556,26.413760,8.000000,-0.431379
0.234528,26.321004,8.000000,-0.443427
0.266736,26.226308,8.000000,-0.455096
0.294889,26.129025,8.000000,-0.466256
0.318696,26.028508,8.000000,-0.476778
0.337865,25.924111,8.000000,-0.486532
0.352105,25.815186,8.000000,-0.495388
0.361123,25.701087,8.000000,-0.503216
0.364628,25.581166,8.000000,-0.509885
0.362329,25.454776,8.000000,-0.515266
0.353934,25.321271,8.000000,-0.519229
0.339151,25.180003,8.000000,-0.521644
0.317689,25.030326,8.000000,-0.522381
0.289261,24.871601,8.000000,-0.521312
0.253932,24.703891,8.000000,-0.518411
0.212374,24.528458,8.000000,-0.513833
0.165315,24.346678,8.000000,-0.507748
0.113484,24.159932,8.000000,-0.500328
0.057611,23.969596,8.000000,-0.491744
-0.001574,23.777050,8.000000,-0.482166
-0.063344,23.583670,8.000000,-0.471767
-0.126967,23.390835,8.000000,-0.460716
-0.191716,23.199924,8.000000,-0.449185
-0.256861,23.012315,8.000000,-0.437346
-0.321673,22.829385,8.000000,-0.425368
-0.385422,22.652514,8.000000,-0.413423
-0.447379,22.483078,8.000000,-0.401683
-0.506815,22.322457,8.000000,-0.390318
-0.563000,22.172028,8.000000,-0.379500
-0.615206,22.033170,8.000000,-0.369398
-0.662704,21.907259,8.000000,-0.360185
-0.705025,21.795122,8.000000,-0.351974
-0.742373,21.696162,8.000000,-0.344727
-0.775060,21.609554,8.000000,-0.338385
-0.803394,21.534475,8.000000,-0.332888
-0.827689,21.470103,8.000000,-0.328174
-0.848254,21.415613,8.000000,-0.324184
-0.865400,21.370181,8.000000,-0.320857
-0.879438,21.332985,8.000000,-0.318133
-0.890678,21.303201,8.000000,-0.315952
-0.899433,21.280005,8.000000,-0.314253
-0.906011,21.262574,8.000000,-0.312977
-0.910725,21.250084,8.000000,-0.312062
-0.913885,21.241711,8.000000,-0.311449
-0.915802,21.236633,8.000000,-0.311077
-0.916786,21.234025,8.000000,-0.310886
-0.917149,21.233064,8.000000,-0.310816
-0.917200,21.232927,8.000000,-0.310806
