17.611883,23.356277,6.488863,1.118326
17.611423,23.355373,6.488931,1.118321
17.608206,23.349043,6.489409,1.118286
17.599472,23.331861,6.490706,1.118191
17.582464,23.298403,6.493232,1.118006
17.554423,23.243242,6.497396,1.117701
17.512593,23.160953,6.503608,1.117247
17.454214,23.046111,6.512277,1.116612
17.376529,22.893288,6.523814,1.115767
17.276779,22.697060,6.538627,1.114683
17.152207,22.452002,6.557126,1.113329
17.000054,22.152687,6.579721,1.111674
16.817563,21.793690,6.606822,1.109690
16.601974,21.369585,6.638838,1.107347
16.350532,20.874946,6.676178,1.104613
16.060476,20.304349,6.719252,1.101460
15.729049,19.652366,6.768470,1.097856
15.353494,18.913574,6.824242,1.093773
14.931826,18.084637,6.886895,1.089181
14.466928,17.175361,6.956258,1.084054
13.963567,16.200639,7.031958,1.078368
13.426512,15.175378,7.113628,1.072099
12.860535,14.114483,7.200895,1.065221
12.270406,13.032858,7.293391,1.057712
11.660897,11.945409,7.390746,1.049547
11.036777,10.867041,7.492589,1.040700
10.402818,9.812659,7.598550,1.031149
9.763791,8.797168,7.708259,1.020869
9.124465,7.835475,7.821346,1.009836
8.489611,6.942483,7.937441,0.998024
7.864002,6.133098,8.056175,0.985411
7.252406,5.422226,8.177176,0.971972
6.659595,4.824771,8.300075,0.957682
6.090339,4.355639,8.424503,0.942517
5.549410,4.029735,8.550087,0.926453
5.041446,3.860178,8.676458,0.909451
4.569742,3.841841,8.803215,0.891331
4.136806,3.958919,8.929948,0.871827
3.745136,4.195471,9.056244,0.850672
3.397230,4.535556,9.181689,0.827602
3.095586,4.963235,9.305872,0.802348
2.842702,5.462566,9.428379,0.774646
2.641076,6.017609,9.548798,0.744230
2.493206,6.612424,9.666717,0.710831
2.401591,7.231071,9.781722,0.674186
2.368727,7.857608,9.893402,0.634027
2.397114,8.476096,10.001343,0.590088
2.489249,9.070593,10.105132,0.542104
2.647631,9.625161,10.204358,0.489807
2.874756,10.123857,10.298608,0.432932
3.173124,10.550742,10.387469,0.371212
3.545232,10.889876,10.470528,0.304381
3.993312,11.126096,10.547394,0.232206
4.514796,11.258294,10.618056,0.155043
5.102950,11.297549,10.682833,0.073758
5.750904,11.255346,10.742057,-0.010765
6.451786,11.143170,10.796056,-0.097641
7.198725,10.972504,10.845162,-0.185988
7.984850,10.754832,10.889706,-0.274921
8.803289,10.501641,10.930017,-0.363556
9.647173,10.224412,10.966426,-0.451010
10.509629,9.934632,10.999263,-0.536398
11.383787,9.643784,11.028859,-0.618837
12.262775,9.363352,11.055543,-0.697443
13.139723,9.104822,11.079648,-0.771332
14.007759,8.879676,11.101502,-0.839620
14.860012,8.699401,11.121437,-0.901424
15.689611,8.575479,11.139782,-0.955859
16.489685,8.519396,11.156869,-1.002041
17.253411,8.542433,11.173021,-1.039106
17.975791,8.648291,11.188362,-1.066876
18.654161,8.830971,11.202751,-1.086058
19.286008,9.083844,11.216035,-1.097415
19.868820,9.400278,11.228057,-1.101710
20.400084,9.773643,11.238662,-1.099707
20.877288,10.197309,11.247694,-1.092168
21.297919,10.664644,11.254999,-1.079857
21.659465,11.169018,11.260421,-1.063536
21.959414,11.703800,11.263803,-1.043970
22.195252,12.262360,11.264992,-1.021921
22.364468,12.838067,11.263831,-0.998153
22.464549,13.424291,11.260165,-0.973429
22.492983,14.014400,11.253839,-0.948512
22.447257,14.601765,11.244697,-0.924165
22.324859,15.179754,11.232584,-0.901152
22.123276,15.741738,11.217344,-0.880235
21.840023,16.281096,11.198821,-0.862176
21.475718,16.792545,11.176711,-0.847526
21.036880,17.273338,11.150432,-0.836431
20.530691,17.721013,11.119369,-0.828997
19.964331,18.133107,11.082911,-0.825324
19.344983,18.507159,11.040442,-0.825517
18.679827,18.840707,10.991348,-0.829679
17.976046,19.131289,10.935017,-0.837913
17.240819,19.376443,10.870835,-0.850322
16.481329,19.573706,10.798187,-0.867009
15.704757,19.720617,10.716461,-0.888076
14.918285,19.814714,10.625041,-0.913629
14.129093,19.853535,10.523316,-0.943768
13.344363,19.834618,10.410670,-0.978598
12.571276,19.755500,10.286490,-1.018221
11.817014,19.613720,10.150163,-1.062741
11.088758,19.406816,10.001074,-1.112261
10.393688,19.132327,9.838611,-1.166883
9.737568,18.789627,9.662668,-1.226638
9.122062,18.383392,9.474608,-1.291340
8.548098,17.919255,9.276060,-1.360769
8.016602,17.402849,9.068652,-1.434701
7.528500,16.839805,8.854011,-1.512915
7.084720,16.235758,8.633766,-1.595187
6.686189,15.596338,8.409545,-1.681297
6.333833,14.927179,8.182975,-1.771020
6.028579,14.233913,7.955686,-1.864136
5.771355,13.522172,7.729304,-1.960421
5.563086,12.797589,7.505459,-2.059654
5.404700,12.065795,7.285778,-2.161612
5.297124,11.332425,7.071889,-2.266073
5.241284,10.603109,6.865420,-2.372815
5.238108,9.883481,6.667999,-2.481615
5.288521,9.179173,6.481255,-2.592250
5.393452,8.495818,6.306815,-2.704500
5.553105,7.838623,6.145989,-2.818135
5.764436,7.210888,5.998652,-2.932901
6.023488,6.615375,5.864276,-3.048535
6.326301,6.054846,5.742332,3.118410
6.668917,5.532061,5.632291,3.001825
7.047378,5.049783,5.533624,2.885157
7.457724,4.610772,5.445803,2.768670
7.895998,4.217792,5.368299,2.652625
8.358240,3.873602,5.300583,2.537285
8.840492,3.580965,5.242127,2.422911
9.338795,3.342643,5.192402,2.309766
9.849192,3.161397,5.150879,2.198112
10.367722,3.039988,5.117030,2.088211
10.890429,2.981178,5.090325,1.980325
11.413352,2.987730,5.070237,1.874717
11.932534,3.062403,5.056236,1.771648
12.444015,3.207960,5.047794,1.671381
12.944313,3.426434,5.044375,1.574189
13.433323,3.714670,5.045392,1.480430
13.912406,4.067265,5.050237,1.390494
14.382927,4.478807,5.058300,1.304774
14.846255,4.943884,5.068973,1.223662
15.303754,5.457085,5.081646,1.147551
15.756792,6.012996,5.095712,1.076832
16.206735,6.606206,5.110560,1.011897
16.654950,7.231303,5.125583,0.953140
17.102803,7.882875,5.140170,0.900951
17.551660,8.555510,5.153714,0.855724
18.002889,9.243797,5.165606,0.817849
18.457856,9.942321,5.175236,0.787721
18.917926,10.645673,5.181996,0.765729
19.384468,11.348440,5.185277,0.752268
19.858846,12.045210,5.184470,0.747729
20.342429,12.730570,5.178966,0.752503
20.836175,13.399224,5.168280,0.766898
21.336269,14.047226,5.153380,0.790217
21.835785,14.671506,5.136182,0.821105
22.327743,15.269014,5.118617,0.858201
22.805165,15.836695,5.102617,0.900140
23.261071,16.371498,5.090113,0.945560
23.688483,16.870371,5.083036,0.993097
24.080422,17.330259,5.083318,1.041387
24.429907,17.748112,5.092890,1.089068
24.729962,18.120876,5.113683,1.134775
24.973605,18.445498,5.147629,1.177146
25.153860,18.718927,5.196659,1.214817
25.263745,18.938109,5.262704,1.246425
25.296283,19.099992,5.347697,1.270606
25.244494,19.201524,5.453567,1.285998
25.101400,19.239651,5.582248,1.291236
24.860021,19.211322,5.735669,1.284957
24.513748,19.113673,5.915650,1.265851
24.063911,18.947930,6.121584,1.233745
23.519476,18.719251,6.350537,1.189560
22.889720,18.432952,6.599476,1.134262
22.183918,18.094349,6.865370,1.068816
21.411347,17.708759,7.145188,0.994189
20.581283,17.281499,7.435899,0.911344
19.703002,16.817884,7.734471,0.821249
18.785781,16.323232,8.037874,0.724868
17.838894,15.802859,8.343077,0.623167
16.871619,15.262082,8.647047,0.517112
15.893232,14.706217,8.946754,0.407669
14.913008,14.140580,9.239167,0.295802
13.940224,13.570489,9.521254,0.182478
12.984156,13.001259,9.789985,0.068662
12.054080,12.438208,10.042327,-0.044681
11.159272,11.886651,10.275251,-0.156584
10.308933,11.351850,10.485761,-0.266092
9.508645,10.836380,10.672622,-0.372667
8.758851,10.339007,10.837094,-0.476368
8.059606,9.858207,10.980629,-0.577300
7.410962,9.392454,11.104677,-0.675568
6.812971,8.940225,11.210689,-0.771276
6.265689,8.499994,11.300117,-0.864529
5.769167,8.070237,11.374410,-0.955431
5.323458,7.649430,11.435021,-1.044088
4.928617,7.236048,11.483400,-1.130604
4.584695,6.828566,11.520997,-1.215083
4.291747,6.425460,11.549264,-1.297630
4.049825,6.025204,11.569652,-1.378351
3.858982,5.626276,11.583612,-1.457348
3.719272,5.227149,11.592595,-1.534728
3.630748,4.826299,11.598050,-1.610594
3.593463,4.422202,11.601431,-1.685052
3.607466,4.013342,11.604182,-1.758205
3.672239,3.599765,11.606939,-1.829973
3.786056,3.184828,11.608614,-1.899885
3.947035,2.772315,11.607902,-1.967424
4.153298,2.366005,11.603496,-2.032069
4.402962,1.969682,11.594088,-2.093301
4.694149,1.587126,11.578373,-2.150601
5.024976,1.222120,11.555043,-2.203449
5.393565,0.878444,11.522792,-2.251325
5.798034,0.559881,11.480313,-2.293710
6.236504,0.270213,11.426299,-2.330086
6.707092,0.013220,11.359445,-2.359931
7.207921,-0.207314,11.278442,-2.382728
7.737108,-0.387610,11.181984,-2.397956
8.292773,-0.523884,11.068765,-2.405096
8.873036,-0.612356,10.937478,-2.403628
9.476017,-0.649243,10.786816,-2.393034
10.099834,-0.630765,10.615473,-2.372793
10.742200,-0.554448,10.422995,-2.342744
11.399495,-0.422071,10.211701,-2.303882
12.067832,-0.236278,9.984473,-2.257441
12.743324,0.000287,9.744193,-2.204653
13.422083,0.284983,9.493743,-2.146750
14.100221,0.615165,9.236005,-2.084964
14.773850,0.988191,8.973861,-2.020529
15.439083,1.401417,8.710192,-1.954675
16.092032,1.852201,8.447882,-1.888637
16.728809,2.337899,8.189811,-1.823645
17.345528,2.855867,7.938863,-1.760933
17.938299,3.403464,7.697918,-1.701733
18.503236,3.978045,7.469858,-1.647277
19.036450,4.576968,7.257567,-1.598797
19.534055,5.197589,7.063925,-1.557526
19.992161,5.837265,6.891814,-1.524697
20.406883,6.493354,6.744118,-1.501541
20.774788,7.163133,6.623027,-1.489060
21.094769,7.843487,6.527232,-1.487079
21.366450,8.531174,6.454315,-1.495051
21.589457,9.222952,6.401856,-1.512430
21.763416,9.915580,6.367438,-1.538669
21.887953,10.605814,6.348641,-1.573221
21.962694,11.290415,6.343046,-1.615539
21.987264,11.966139,6.348235,-1.665076
21.961290,12.629745,6.361788,-1.721286
21.884397,13.277992,6.381287,-1.783622
21.756211,13.907637,6.404313,-1.851537
21.576358,14.515439,6.428447,-1.924484
21.344464,15.098156,6.451270,-2.001917
21.060154,15.652545,6.470363,-2.083288
20.723055,16.175367,6.483308,-2.168051
20.332792,16.663377,6.487686,-2.255659
19.888992,17.113336,6.481077,-2.345566
19.391768,17.522286,6.461430,-2.437189
18.845197,17.889585,6.429654,-2.529669
18.255269,18.215709,6.388092,-2.622010
17.627988,18.501141,6.339100,-2.713215
16.969358,18.746365,6.285029,-2.802287
16.285384,18.951865,6.228233,-2.888230
15.582068,19.118124,6.171066,-2.970048
14.865414,19.245625,6.115882,-3.046743
14.141428,19.334853,6.065033,-3.117319
13.416112,19.386290,6.020873,3.102406
12.695470,19.400421,5.985755,3.047058
11.985506,19.377730,5.962033,3.000818
11.292225,19.318698,5.952061,2.964684
10.621630,19.223811,5.958191,2.939652
9.979724,19.093552,5.982778,2.926719
9.372513,18.928404,6.028174,2.926881
8.805999,18.728852,6.096733,2.941135
8.285850,18.495419,6.190616,2.970356
7.813145,18.229196,6.309358,3.013773
7.385645,17.931683,6.450595,3.069423
7.001036,17.604387,6.611920,3.135316
6.657006,17.248816,6.790929,-3.073723
6.351240,16.866478,6.985213,-2.993314
6.081427,16.458882,7.192369,-2.908630
5.845253,16.027535,7.409988,-2.821663
5.640405,15.573945,7.635666,-2.734401
5.464570,15.099621,7.866996,-2.648835
5.315435,14.606069,8.101572,-2.566953
5.190687,14.094800,8.336987,-2.490747
5.088012,13.567320,8.570836,-2.422205
5.005098,13.025137,8.800713,-2.363317
4.939631,12.469760,9.024212,-2.316073
4.889298,11.902696,9.238925,-2.282463
4.851787,11.325453,9.442448,-2.264476
4.824867,10.739574,9.632407,-2.264038
4.808460,10.147471,9.807272,-2.281409
4.804783,9.552485,9.966419,-2.315073
4.816165,8.958004,10.109263,-2.363428
4.844936,8.367414,10.235223,-2.424872
4.893423,7.784103,10.343714,-2.497801
4.963956,7.211458,10.434155,-2.580615
5.058864,6.652865,10.505962,-2.671710
5.180476,6.111712,10.558553,-2.769484
5.331121,5.591385,10.591345,-2.872335
5.513127,5.095272,10.603754,-2.978660
5.728824,4.626760,10.595199,-3.086857
5.980541,4.189235,10.565096,3.087862
6.270606,3.786085,10.512863,2.980728
6.601349,3.420697,10.437916,2.876530
6.975099,3.096457,10.339673,2.776869
7.394183,2.816753,10.217551,2.683348
7.860891,2.584943,10.070986,2.597554
8.374931,2.402594,9.900617,2.520177
8.931938,2.268442,9.708975,2.450483
9.527192,2.180976,9.498762,2.387614
10.155971,2.138686,9.272679,2.330713
10.813554,2.140058,9.033424,2.278922
11.495219,2.183583,8.783699,2.231384
12.196245,2.267749,8.526204,2.187240
12.911910,2.391043,8.263638,2.145633
13.637492,2.551956,7.998704,2.105705
14.368271,2.748974,7.734100,2.066599
15.099524,2.980587,7.472527,2.027457
15.826531,3.245284,7.216685,1.987421
16.544569,3.541553,6.969275,1.945634
17.248917,3.867882,6.732997,1.901237
17.934853,4.222760,6.510551,1.853374
18.597657,4.604676,6.304637,1.801186
19.232608,5.012117,6.117953,1.743817
19.835609,5.443454,5.952112,1.680739
20.404033,5.896770,5.806167,1.612204
20.935468,6.370113,5.678795,1.538577
21.427502,6.861526,5.568674,1.460225
21.877722,7.369055,5.474484,1.377511
22.283716,7.890744,5.394902,1.290801
22.643072,8.424640,5.328608,1.200461
22.953378,8.968786,5.274278,1.106855
23.212222,9.521227,5.230593,1.010349
23.417190,10.080009,5.196230,0.911308
23.565871,10.643177,5.169868,0.810098
23.655853,11.208776,5.150185,0.707083
23.684722,11.774851,5.135860,0.602629
23.650068,12.339446,5.125571,0.497101
23.549478,12.900607,5.117997,0.390864
23.380538,13.456378,5.111816,0.284284
23.140838,14.004805,5.105706,0.177725
22.829353,14.543921,5.098588,0.071462
22.450134,15.071710,5.090265,-0.034569
22.008397,15.586150,5.080743,-0.140506
21.509356,16.085215,5.070028,-0.246489
20.958223,16.566880,5.058125,-0.352657
20.360214,17.029123,5.045040,-0.459150
19.720542,17.469917,5.030779,-0.566106
19.044421,17.887239,5.015348,-0.673664
18.337065,18.279064,4.998752,-0.781965
17.603688,18.643368,4.980997,-0.891147
16.849505,18.978127,4.962089,-1.001349
16.079728,19.281315,4.942033,-1.112712
15.299573,19.550909,4.920836,-1.225373
14.514252,19.784884,4.898503,-1.339473
13.728981,19.981216,4.875040,-1.455150
12.948972,20.137880,4.850452,-1.572544
12.179441,20.252851,4.824745,-1.691794
11.425199,20.324318,4.797948,-1.812986
10.688765,20.351673,4.770211,-1.935902
9.971839,20.334742,4.741732,-2.060214
9.276120,20.273351,4.712706,-2.185595
8.603309,20.167325,4.683330,-2.311718
7.955105,20.016488,4.653801,-2.438257
7.333208,19.820666,4.624314,-2.564883
6.739318,19.579685,4.595067,-2.691269
6.175134,19.293369,4.566256,-2.817090
5.642356,18.961544,4.538076,-2.942016
5.142684,18.584035,4.510726,-3.065722
4.677817,18.160667,4.484400,3.095305
4.249456,17.691265,4.459296,2.975022
3.859300,17.175656,4.435609,2.856942
3.509049,16.613663,4.413537,2.741390
3.200402,16.005113,4.393275,2.628696
2.935060,15.349830,4.375021,2.519185
2.714554,14.648097,4.359017,2.413188
2.538872,13.904415,4.345944,2.311073
2.407167,13.125563,4.336719,2.213225
2.318582,12.318342,4.332258,2.120030
2.272263,11.489554,4.333481,2.031874
2.267355,10.645999,4.341307,1.949142
2.303002,9.794479,4.356652,1.872221
2.378348,8.941795,4.380435,1.801497
2.492539,8.094747,4.413576,1.737355
2.644719,7.260138,4.456991,1.680181
2.834032,6.444768,4.511600,1.630362
3.059624,5.655437,4.578320,1.588283
3.320639,4.898949,4.658070,1.554331
3.616221,4.182102,4.751768,1.528890
3.945516,3.511700,4.860332,1.512348
4.307668,2.894542,4.984681,1.505090
4.701822,2.337430,5.125733,1.507501
5.127026,1.846896,5.284317,1.519909
5.580791,1.425188,5.459855,1.541697
6.059397,1.071114,5.650636,1.571490
6.559088,0.783385,5.854918,1.607891
7.076108,0.560713,6.070959,1.649506
7.606701,0.401809,6.297016,1.694939
8.147111,0.305385,6.531347,1.742793
8.693582,0.270151,6.772211,1.791672
9.242358,0.294821,7.017864,1.840181
9.789683,0.378104,7.266566,1.886924
10.331802,0.518712,7.516572,1.930505
10.864958,0.715358,7.766142,1.969528
11.385396,0.966751,8.013534,2.002597
11.889359,1.271604,8.257004,2.028317
12.373092,1.628628,8.494811,2.045291
12.832839,2.036535,8.725212,2.052123
13.264844,2.494035,8.946466,2.047418
13.665400,2.999799,9.156846,2.029816
14.032349,3.551139,9.355163,1.999110
14.365367,4.143767,9.540856,1.956457
14.664239,4.773303,9.713402,1.903092
14.928744,5.435364,9.872279,1.840251
15.158667,6.125570,10.016964,1.769168
15.353789,6.839540,10.146935,1.691080
15.513893,7.572892,10.261668,1.607222
15.638761,8.321246,10.360641,1.518830
15.728176,9.080219,10.443330,1.427138
15.781920,9.845431,10.509214,1.333383
15.799774,10.612500,10.557769,1.238800
15.781523,11.377046,10.588472,1.144624
15.726948,12.134687,10.600802,1.052091
15.635831,12.881043,10.594234,0.962436
15.507954,13.611731,10.568246,0.876895
15.343101,14.322370,10.522316,0.796703
15.141065,15.008587,10.455929,0.723088
14.902606,15.666596,10.369270,0.656599
14.630180,16.293646,10.263755,0.596595
14.326416,16.887090,10.140923,0.542313
13.993941,17.444281,10.002313,0.492991
13.635385,17.962574,9.849466,0.447868
13.253374,18.439321,9.683921,0.406180
12.850539,18.871876,9.507217,0.367168
12.429506,19.257592,9.320894,0.330067
11.992904,19.593823,9.126491,0.294116
11.543361,19.877922,8.925549,0.258554
11.083506,20.107242,8.719606,0.222617
10.615966,20.279138,8.510203,0.185545
10.143371,20.390962,8.298878,0.146574
9.668347,20.440068,8.087172,0.104943
9.193524,20.423809,7.876624,0.059890
8.721530,20.339539,7.668773,0.010652
8.254992,20.184614,7.465158,-0.043531
7.796348,19.958023,7.266982,-0.103124
7.347532,19.663092,7.074550,-0.167799
6.910392,19.303859,6.888021,-0.237098
6.486779,18.884361,6.707553,-0.310564
6.078541,18.408637,6.533306,-0.387739
5.687530,17.880724,6.365437,-0.468166
5.315594,17.304660,6.204107,-0.551387
4.964584,16.684483,6.049474,-0.636945
4.636349,16.024231,5.901697,-0.724382
4.332739,15.327941,5.760934,-0.813240
4.055603,14.599651,5.627344,-0.903063
3.806792,13.843400,5.501086,-0.993391
3.588155,13.063225,5.382320,-1.083769
3.401542,12.263163,5.271203,-1.173739
3.248802,11.447253,5.167894,-1.262842
3.131786,10.619532,5.072553,-1.350622
3.052343,9.784039,4.985337,-1.436620
3.011748,8.944818,4.906510,-1.520501
3.008909,8.105947,4.836754,-1.602424
3.042123,7.271511,4.776865,-1.682678
3.109690,6.445595,4.727635,-1.761551
3.209906,5.632285,4.689858,-1.839333
3.341071,4.835665,4.664328,-1.916312
3.501480,4.059821,4.651839,-1.992777
3.689433,3.308838,4.653184,-2.069015
3.903228,2.586801,4.669157,-2.145316
4.141162,1.897796,4.700551,-2.221968
4.401534,1.245907,4.748161,-2.299260
4.682641,0.635221,4.812779,-2.377481
4.982781,0.069821,4.895199,-2.456918
5.300253,-0.446207,4.996216,-2.537861
5.633353,-0.908777,5.116623,-2.620598
5.980381,-1.313805,5.257213,-2.705418
6.339634,-1.657204,5.418780,-2.792610
6.709582,-1.935501,5.601806,-2.882379
7.089816,-2.149173,5.804751,-2.974402
7.480370,-2.300274,6.025271,-3.068144
7.881281,-2.390859,6.261018,3.120117
8.292585,-2.422987,6.509647,3.024547
8.714319,-2.398715,6.768809,2.928867
9.146519,-2.320100,7.036159,2.833612
9.589223,-2.189199,7.309350,2.739320
10.042465,-2.008069,7.586034,2.646525
10.506283,-1.778767,7.863865,2.555765
10.980713,-1.503350,8.140497,2.467575
11.465792,-1.183876,8.413582,2.382491
11.961556,-0.822402,8.680773,2.301049
12.468041,-0.420985,8.939723,2.223787
12.985284,0.018318,9.188087,2.151238
13.513321,0.493450,9.423517,2.083940
14.052189,1.002353,9.643666,2.022429
14.601782,1.542911,9.846357,1.967188
15.160483,2.112367,10.031213,1.918139
15.725771,2.707585,10.198938,1.874869
16.295109,3.325418,10.350248,1.836958
16.865961,3.962725,10.485862,1.803989
17.435794,4.616362,10.606499,1.775541
18.002070,5.283183,10.712876,1.751197
18.562255,5.960047,10.805712,1.730537
19.113814,6.643809,10.885724,1.713143
19.654211,7.331325,10.953632,1.698597
20.180910,8.019451,11.010152,1.686479
20.691376,8.705045,11.056003,1.676370
21.183074,9.384962,11.091904,1.667853
21.653468,10.056058,11.118572,1.660507
22.100023,10.715190,11.136726,1.653915
22.520203,11.359213,11.147083,1.647658
22.911474,11.984985,11.150362,1.641317
23.271358,12.589462,11.147279,1.634491
23.598500,13.171493,11.138529,1.627132
23.892538,13.731609,11.124784,1.619501
24.153146,14.270402,11.106716,1.611870
24.379998,14.788464,11.084996,1.604513
24.572768,15.286385,11.060298,1.597704
24.731130,15.764757,11.033293,1.591713
24.854758,16.224171,11.004653,1.586816
24.943326,16.665218,10.975050,1.583283
24.996508,17.088490,10.945156,1.581390
25.013977,17.494577,10.915643,1.581407
24.995408,17.884071,10.887184,1.583609
24.940474,18.257564,10.860449,1.588268
24.848849,18.615645,10.836112,1.595656
24.720208,18.958908,10.814845,1.606048
24.554225,19.287942,10.797319,1.619716
24.350572,19.603340,10.784206,1.636932
24.108960,19.905657,10.776152,1.657962
23.830499,20.194069,10.772773,1.682724
23.518143,20.465939,10.772331,1.710687
23.174968,20.718506,10.772995,1.741288
22.804051,20.949011,10.772934,1.773963
22.408470,21.154692,10.770319,1.808150
21.991302,21.332789,10.763320,1.843286
21.555624,21.480543,10.750106,1.878809
21.104513,21.595192,10.728848,1.914154
20.641046,21.673976,10.697714,1.948759
20.168301,21.714136,10.654876,1.982062
19.689355,21.712909,10.598502,2.013499
19.207285,21.667537,10.526762,2.042507
18.725168,21.575259,10.437827,2.068524
18.246081,21.433314,10.329866,2.090986
17.773102,21.238942,10.201049,2.109331
17.309307,20.989383,10.049545,2.122995
16.857767,20.681893,9.873539,2.131419
16.420589,20.315866,9.672896,2.134340
15.998001,19.894873,9.450772,2.132082
15.590016,19.422968,9.210703,2.125035
15.196642,18.904205,8.956227,2.113591
14.817892,18.342640,8.690881,2.098140
14.453775,17.742327,8.418201,2.079074
14.104303,17.107321,8.141725,2.056782
13.769486,16.441676,7.864989,2.031657
13.449335,15.749447,7.591530,2.004088
13.143861,15.034689,7.324885,1.974467
12.853074,14.301457,7.068591,1.943184
12.576986,13.553804,6.826185,1.910630
12.315606,12.795787,6.601205,1.877197
12.068947,12.031458,6.397185,1.843275
11.837017,11.264874,6.217665,1.809255
11.619829,10.500088,6.066180,1.775527
11.417393,9.741156,5.946267,1.742483
11.229636,8.992363,5.859967,1.710374
11.056238,8.258683,5.804871,1.679036
10.896833,7.545220,5.777745,1.648228
10.751055,6.857074,5.775352,1.617710
10.618538,6.199348,5.794459,1.587240
10.498916,5.577143,5.831831,1.556578
10.391822,4.995562,5.884232,1.525483
10.296891,4.459707,5.948427,1.493714
10.213756,3.974679,6.021182,1.461031
10.142051,3.545581,6.099262,1.427192
10.081410,3.177514,6.179432,1.391956
10.031467,2.875581,6.258457,1.355084
9.991856,2.644884,6.333102,1.316333
9.962211,2.490524,6.400132,1.275464
9.942165,2.417603,6.456312,1.232234
9.931352,2.431225,6.498408,1.186405
9.929407,2.536490,6.523184,1.137734
9.936191,2.736660,6.528319,1.086148
9.952626,3.026457,6.515733,1.032348
9.979940,3.398127,6.488576,0.977261
10.019362,3.843915,6.449996,0.921813
10.072121,4.356066,6.403144,0.866932
10.139446,4.926826,6.351168,0.813542
10.222564,5.548440,6.297219,0.762571
10.322706,6.213153,6.244446,0.714945
10.441098,6.913211,6.195998,0.671590
10.578971,7.640858,6.155024,0.633433
10.737552,8.388341,6.124675,0.601401
10.918071,9.147904,6.108099,0.576419
11.121755,9.911793,6.108446,0.559414
11.349834,10.672253,6.128866,0.551312
11.603537,11.421529,6.172508,0.553041
11.884091,12.151867,6.242522,0.565526
12.192726,12.855513,6.342056,0.589694
12.530375,13.525305,6.473669,0.626310
12.895816,14.158445,6.635569,0.674965
13.286862,14.754081,6.824027,0.734721
13.701320,15.311369,7.035305,0.804641
14.137001,15.829463,7.265664,0.883787
14.591714,16.307521,7.511367,0.971220
15.063267,16.744697,7.768675,1.066002
15.549470,17.140148,8.033850,1.167195
16.048132,17.493029,8.303154,1.273860
16.557061,17.802496,8.572848,1.385060
17.074067,18.067705,8.839195,1.499856
17.596958,18.287811,9.098456,1.617311
18.123545,18.461971,9.346893,1.736484
18.651635,18.589340,9.580767,1.856440
19.179038,18.669074,9.796342,1.976238
19.703563,18.700328,9.989877,2.094942
20.223019,18.682260,10.157636,2.211613
20.735185,18.614227,10.296137,2.325346
21.237472,18.498083,10.405031,2.435646
21.727047,18.337342,10.486063,2.542295
22.201071,18.135552,10.541017,2.645077
22.656705,17.896258,10.571677,2.743777
23.091112,17.623009,10.579824,2.838180
23.501452,17.319349,10.567244,2.928070
23.884888,16.988826,10.535719,3.013234
24.238580,16.634987,10.487032,3.093456
24.559691,16.261377,10.422967,-3.114664
24.845382,15.871544,10.345308,-3.044971
25.092814,15.469034,10.255838,-2.980865
25.299150,15.057394,10.156339,-2.922561
25.461550,14.640169,10.048597,-2.870274
25.577176,14.220908,9.934393,-2.824219
25.643190,13.803156,9.815511,-2.784611
25.656753,13.390459,9.693735,-2.751665
25.615157,12.986280,9.570823,-2.725586
25.518620,12.592168,9.447961,-2.706371
25.370246,12.207786,9.325775,-2.693809
25.173263,11.832715,9.204864,-2.687680
24.930900,11.466537,9.085827,-2.687764
24.646384,11.108836,8.969266,-2.693842
24.322944,10.759192,8.855780,-2.705695
23.963807,10.417189,8.745970,-2.723102
23.572201,10.082408,8.640434,-2.745844
23.151354,9.754431,8.539775,-2.773701
22.704494,9.432841,8.444591,-2.806454
22.234849,9.117220,8.355482,-2.843882
21.745647,8.807150,8.273049,-2.885767
21.240115,8.502213,8.197892,-2.931889
20.721483,8.201991,8.130610,-2.982027
20.192977,7.906067,8.071805,-3.035963
19.657826,7.614022,8.022075,-3.093477
19.119233,7.325463,7.982012,3.128837
18.579202,7.041189,7.951692,3.064858
18.037982,6.763746,7.930448,2.998060
17.495683,6.495813,7.917552,2.928739
16.952419,6.240072,7.912276,2.857187
16.408299,5.999204,7.913893,2.783699
15.863435,5.775890,7.921676,2.708568
15.317938,5.572811,7.934896,2.632090
14.771920,5.392649,7.952827,2.554556
14.225491,5.238084,7.974741,2.476263
13.678764,5.111798,7.999910,2.397502
13.131849,5.016471,8.027608,2.318569
12.584858,4.954785,8.057105,2.239757
12.037902,4.929421,8.087676,2.161360
11.491093,4.943060,8.118593,2.083672
10.944541,4.998384,8.149127,2.006987
10.398357,5.098073,8.178552,1.931599
9.852659,5.244798,8.206142,1.857801
9.308379,5.439445,8.231588,1.785815
8.768241,5.678996,8.255486,1.715709
8.235202,5.959918,8.278553,1.647526
7.712221,6.278680,8.301507,1.581312
7.202256,6.631749,8.325063,1.517114
6.708264,7.015594,8.349939,1.454976
6.233204,7.426683,8.376851,1.394944
5.780035,7.861483,8.406517,1.337064
5.351713,8.316463,8.439652,1.281381
4.951197,8.788090,8.476974,1.227940
4.581446,9.272833,8.519199,1.176788
4.245417,9.767160,8.567044,1.127969
3.946069,10.267537,8.621226,1.081529
3.686359,10.770435,8.682462,1.037513
3.469245,11.272320,8.751468,0.995968
3.297686,11.769660,8.828961,0.956938
3.174640,12.258924,8.915658,0.920469
3.102308,12.737329,9.011866,0.886552
3.080360,13.204607,9.116522,0.854993
3.107933,13.661011,9.228277,0.825561
3.184168,14.106799,9.345782,0.798025
3.308204,14.542225,9.467686,0.772152
3.479179,14.967544,9.592640,0.747712
3.696233,15.383013,9.719294,0.724473
3.958505,15.788887,9.846299,0.702202
4.265134,16.185420,9.972306,0.680669
4.615260,16.572869,10.095964,0.659643
5.008021,16.951489,10.215925,0.638890
5.442556,17.321536,10.330838,0.618181
5.918005,17.683265,10.439355,0.597283
6.433507,18.036931,10.540124,0.575965
6.988201,18.382790,10.631798,0.553994
7.581226,18.721097,10.713027,0.531141
8.211722,19.052108,10.782460,0.507173
8.878342,19.375678,10.838942,0.481919
9.577211,19.689568,10.882334,0.455530
10.303624,19.990857,10.912828,0.428262
11.052879,20.276623,10.930615,0.400367
11.820271,20.543944,10.935887,0.372102
12.601098,20.789897,10.928835,0.343721
13.390655,21.011562,10.909652,0.315479
14.184240,21.206015,10.878529,0.287631
14.977148,21.370336,10.835657,0.260430
15.764677,21.501602,10.781229,0.234134
16.542122,21.596892,10.715437,0.208995
17.304781,21.653283,10.638471,0.185268
18.047949,21.667854,10.550524,0.163210
18.766923,21.637683,10.451788,0.143073
19.457000,21.559848,10.342454,0.125114
20.113476,21.431426,10.222714,0.109587
20.731648,21.249497,10.092760,0.096746
21.307118,21.011661,9.952831,0.086814
21.838046,20.719889,9.803577,0.079738
22.323865,20.378326,9.645845,0.075331
22.764017,19.991134,9.480488,0.073404
23.157944,19.562472,9.308358,0.073767
23.505087,19.096503,9.130304,0.076231
23.804890,18.597387,8.947179,0.080607
24.056793,18.069285,8.759835,0.086706
24.260239,17.516359,8.569121,0.094338
24.414669,16.942769,8.375890,0.103315
24.519527,16.352676,8.180993,0.113447
24.574252,15.750241,7.985282,0.124546
24.578288,15.139626,7.789607,0.136421
24.531077,14.524991,7.594820,0.148884
24.432060,13.910498,7.401772,0.161746
24.280680,13.300307,7.211314,0.174818
24.076378,12.698579,7.024299,0.187910
23.818750,12.109433,6.841582,0.200828
23.509578,11.536371,6.664093,0.213300
23.152265,10.982441,6.492817,0.224997
22.750252,10.450679,6.328738,0.235590
22.306980,9.944123,6.172843,0.244747
21.825892,9.465809,6.026116,0.252140
21.310428,9.018774,5.889544,0.257438
20.764029,8.606054,5.764111,0.260310
20.190138,8.230686,5.650804,0.260427
19.592195,7.895707,5.550607,0.257458
18.973643,7.604154,5.464506,0.251074
18.337921,7.359062,5.393487,0.240943
17.688473,7.163470,5.338535,0.226737
17.028738,7.020413,5.300636,0.208125
16.362159,6.932929,5.280774,0.184776
15.692177,6.904054,5.279937,0.156361
15.022233,6.936824,5.299108,0.122550
14.355771,7.034156,5.339223,0.083034
13.696289,7.195682,5.399850,0.038127
13.047342,7.417438,5.479062,-0.011183
12.412491,7.695279,5.574853,-0.063870
11.795296,8.025058,5.685218,-0.118910
11.199317,8.402630,5.808155,-0.175279
10.628113,8.823847,5.941657,-0.231952
10.085244,9.284565,6.083720,-0.287906
9.574271,9.780637,6.232340,-0.342115
9.098752,10.307916,6.385512,-0.393555
8.662248,10.862258,6.541232,-0.441201
8.268319,11.439516,6.697495,-0.484030
7.920525,12.035543,6.852297,-0.521017
7.622424,12.646194,7.003633,-0.551137
7.377578,13.267322,7.149498,-0.573366
7.189546,13.894782,7.287888,-0.586680
7.061888,14.524428,7.416799,-0.590054
6.998127,15.152121,7.534237,-0.582474
6.999342,15.774321,7.639004,-0.563620
7.062651,16.388449,7.731183,-0.534297
7.184808,16.992015,7.810979,-0.495414
7.362570,17.582529,7.878594,-0.447877
7.592691,18.157502,7.934231,-0.392595
7.871927,18.714444,7.978092,-0.330476
8.197034,19.250865,8.010380,-0.262427
8.564768,19.764275,8.031297,-0.189356
8.971883,20.252184,8.041047,-0.112172
9.415135,20.712102,8.039833,-0.031780
9.891281,21.141540,8.027856,0.050909
10.397074,21.538008,8.005320,0.134989
10.929271,21.899016,7.972427,0.219552
11.484628,22.222073,7.929381,0.303690
12.059899,22.504691,7.876383,0.386495
12.651841,22.744379,7.813637,0.467060
13.257207,22.938650,7.741347,0.544477
13.872347,23.086007,7.660231,0.618170
14.492621,23.187363,7.572262,0.688362
15.113243,23.243994,7.479602,0.755400
15.729425,23.257175,7.384412,0.819630
16.336381,23.228182,7.288852,0.881396
16.929322,23.158290,7.195084,0.941045
17.503462,23.048774,7.105267,0.998921
18.054014,22.900910,7.021565,1.055371
18.576191,22.715972,6.946136,1.110739
19.065205,22.495236,6.881143,1.165372
19.516269,22.239977,6.828746,1.219614
19.924597,21.951471,6.791106,1.273812
20.285401,21.630994,6.770384,1.328311
20.593894,21.279819,6.768741,1.383456
20.845289,20.899223,6.788339,1.439593
21.034798,20.490481,6.831337,1.497067
21.157635,20.054868,6.899898,1.556224
21.210550,19.594297,6.995098,1.617341
21.196086,19.113085,7.113933,1.680438
21.118153,18.616114,7.252437,1.745476
20.980660,18.108268,7.406642,1.812415
20.787515,17.594430,7.572582,1.881213
20.542628,17.079482,7.746290,1.951831
20.249908,16.568308,7.923800,2.024230
19.913264,16.065789,8.101145,2.098367
19.536604,15.576810,8.274358,2.174205
19.123838,15.106252,8.439473,2.251701
18.678875,14.658999,8.592522,2.330817
18.205624,14.239935,8.729540,2.411512
17.707993,13.853940,8.846560,2.493746
17.189893,13.505900,8.939614,2.577479
16.655231,13.200695,9.004736,2.662670
16.107917,12.943210,9.037960,2.749280
15.551860,12.738328,9.035319,2.837268
14.990780,12.589714,8.993676,2.926565
14.427284,12.493855,8.914798,3.016931
13.863573,12.444608,8.802244,3.108063
13.301844,12.435827,8.659578,-3.083527
12.744298,12.461366,8.490363,-2.991772
12.193133,12.515077,8.298162,-2.900160
11.650547,12.590816,8.086537,-2.808995
11.118741,12.682435,7.859051,-2.718579
10.599913,12.783789,7.619268,-2.629215
10.096262,12.888731,7.370750,-2.541206
9.609988,12.991114,7.117060,-2.454856
9.143288,13.084793,6.861761,-2.370468
8.698363,13.163621,6.608416,-2.288343
8.277411,13.221452,6.360587,-2.208786
7.882631,13.252139,6.121839,-2.132100
7.516222,13.249537,5.895733,-2.058588
7.180384,13.207498,5.685833,-1.988552
6.877065,13.120714,5.495427,-1.922255
6.605835,12.991853,5.325186,-1.859577
6.364939,12.828011,5.174331,-1.800184
6.152610,12.636332,5.042065,-1.743741
5.967083,12.423959,4.927593,-1.689911
5.806590,12.198033,4.830118,-1.638360
5.669363,11.965699,4.748846,-1.588750
5.553637,11.734099,4.682979,-1.540746
5.457644,11.510377,4.631724,-1.494013
5.379616,11.301674,4.594282,-1.448214
5.317788,11.115135,4.569860,-1.403015
5.270391,10.957901,4.557661,-1.358078
5.235660,10.837117,4.556889,-1.313069
5.211827,10.759925,4.566748,-1.267651
5.197125,10.733467,4.586443,-1.221489
5.189787,10.764888,4.615178,-1.174247
5.188047,10.861329,4.652157,-1.125589
5.190175,11.029483,4.696585,-1.075217
5.195092,11.268542,4.747680,-1.023460
5.202247,11.571522,4.804670,-0.971162
5.211107,11.931258,4.866784,-0.919183
5.221140,12.340581,4.933251,-0.868384
5.231813,12.792324,5.003299,-0.819625
5.242592,13.279321,5.076158,-0.773766
5.252944,13.794404,5.151055,-0.731666
5.262336,14.330406,5.227220,-0.694186
5.270236,14.880160,5.303881,-0.662186
5.276109,15.436499,5.380268,-0.636526
5.279423,15.992255,5.455608,-0.618066
5.279645,16.540261,5.529131,-0.607667
5.276242,17.073350,5.600065,-0.606187
5.268680,17.584356,5.667639,-0.614488
5.256426,18.066110,5.731082,-0.633430
5.238949,18.511447,5.789622,-0.663872
5.215726,18.913325,5.842503,-0.706641
5.186693,19.269006,5.889454,-0.761434
5.152329,19.580967,5.930798,-0.826580
5.113152,19.851999,5.966890,-0.900323
5.069674,20.084896,5.998087,-0.980908
5.022412,20.282450,6.024746,-1.066579
4.971879,20.447453,6.047224,-1.155581
4.918592,20.582697,6.065877,-1.246160
4.863066,20.690974,6.081061,-1.336560
4.805814,20.775077,6.093135,-1.425026
4.747352,20.837799,6.102454,-1.509802
4.688196,20.881931,6.109375,-1.589134
4.628859,20.910265,6.114254,-1.661267
4.569858,20.925595,6.117450,-1.724444
4.511706,20.930711,6.119317,-1.776912
4.454920,20.928408,6.120213,-1.816915
4.400013,20.921476,6.120494,-1.842697
4.347505,20.912689,6.120521,-1.852516
4.298268,20.903008,6.120892,-1.845751
4.253813,20.890130,6.122641,-1.823803
4.215718,20.871408,6.126849,-1.788288
4.185561,20.844196,6.134595,-1.740820
4.164919,20.805848,6.146957,-1.683012
4.155370,20.753718,6.165016,-1.616481
4.158492,20.685159,6.189851,-1.542839
4.175863,20.597525,6.222541,-1.463701
4.209060,20.488171,6.264166,-1.380683
4.259661,20.354449,6.315805,-1.295397
4.329244,20.193714,6.378537,-1.209459
4.419386,20.003319,6.453443,-1.124483
4.531666,19.780619,6.541602,-1.042084
4.667660,19.522966,6.644092,-0.963875
4.828947,19.227716,6.761994,-0.891471
5.017105,18.892220,6.896386,-0.826487
5.233709,18.513837,7.048348,-0.770536
5.478874,18.091329,7.218108,-0.724719
5.748731,17.627313,7.403574,-0.688733
6.038730,17.125055,7.602262,-0.662039
6.344325,16.587823,7.811688,-0.644098
6.660969,16.018883,8.029368,-0.634370
6.984114,15.421503,8.252815,-0.632315
7.309213,14.798949,8.479547,-0.637393
7.631719,14.154489,8.707079,-0.649066
7.947084,13.491389,8.932926,-0.666794
8.250762,12.812918,9.154603,-0.690036
8.538205,12.122341,9.369627,-0.718254
8.804865,11.422926,9.575513,-0.750908
9.046196,10.717939,9.769776,-0.787458
9.257651,10.010649,9.949932,-0.827365
9.434682,9.304322,10.113496,-0.870089
9.572741,8.602225,10.257984,-0.915091
9.667282,7.907625,10.380912,-0.961830
9.715082,7.223883,10.480309,-1.009828
9.718541,6.554760,10.556396,-1.058858
9.681551,5.904123,10.609969,-1.108759
9.608004,5.275838,10.641829,-1.159372
9.501792,4.673773,10.652773,-1.210537
9.366806,4.101793,10.643599,-1.262096
9.206938,3.563765,10.615108,-1.313888
9.026080,3.063557,10.568097,-1.365753
8.828124,2.605035,10.503364,-1.417533
8.616962,2.192065,10.421709,-1.469067
8.396486,1.828514,10.323931,-1.520195
8.170588,1.518250,10.210827,-1.570759
7.943158,1.265138,10.083196,-1.620599
7.718090,1.073045,9.941837,-1.669555
7.499275,0.945839,9.787549,-1.717467
7.290605,0.887385,9.621130,-1.764176
7.095971,0.901551,9.443379,-1.809522
6.919003,0.991176,9.255179,-1.853398
6.761573,1.152243,9.057974,-1.896048
6.624831,1.377920,8.853440,-1.937858
6.509929,1.661371,8.643253,-1.979216
6.418014,1.995757,8.429089,-2.020511
6.350237,2.374239,8.212624,-2.062128
6.307747,2.789980,7.995534,-2.104457
6.291693,3.236140,7.779495,-2.147885
6.303226,3.705881,7.566183,-2.192799
6.343493,4.192366,7.357274,-2.239587
6.413646,4.688756,7.154445,-2.288636
6.514833,5.188213,6.959371,-2.340334
6.648205,5.683897,6.773729,-2.395069
6.814909,6.168972,6.599194,-2.453229
7.016097,6.636598,6.437442,-2.515200
7.252916,7.079938,6.290150,-2.581371
7.526518,7.492153,6.158994,-2.652129
7.837884,7.866938,6.045510,-2.727818
8.186164,8.203831,5.949713,-2.808310
8.569379,8.505977,5.870676,-2.893184
8.985531,8.776573,5.807459,-2.982014
9.432623,9.018819,5.759121,-3.074374
9.908659,9.235912,5.724723,3.113344
10.411641,9.431049,5.703324,3.015198
10.939573,9.607429,5.693985,2.914796
11.490458,9.768250,5.695764,2.812565
12.062298,9.916710,5.707722,2.708929
12.653097,10.056007,5.728918,2.604314
13.260858,10.189338,5.758412,2.499146
13.883584,10.319903,5.795264,2.393850
14.519277,10.450897,5.838534,2.288851
15.165942,10.585521,5.887282,2.184574
15.821581,10.726971,5.940567,2.081445
16.484196,10.878446,5.997449,1.979888
17.151701,11.043035,6.056988,1.880323
17.820215,11.221677,6.118251,1.783023
18.484220,11.413350,6.180311,1.688131
19.138141,11.616960,6.242240,1.595783
19.776400,11.831412,6.303112,1.506119
20.393420,12.055613,6.362000,1.419274
20.983624,12.288466,6.417977,1.335387
21.541436,12.528879,6.470116,1.254596
22.061277,12.775757,6.517489,1.177038
22.537572,13.028005,6.559171,1.102850
22.964742,13.284529,6.594233,1.032171
23.337212,13.544234,6.621749,0.965137
23.649404,13.806026,6.640792,0.901886
23.895742,14.068811,6.650435,0.842557
24.070647,14.331493,6.649750,0.787286
24.168544,14.592980,6.637812,0.736211
24.183854,14.852175,6.613693,0.689469
24.111121,15.107996,6.576499,0.647198
23.949892,15.359787,6.526763,0.609470
23.706464,15.607476,6.466935,0.576277
23.387609,15.851027,6.399603,0.547602
23.000100,16.090409,6.327354,0.523430
22.550707,16.325587,6.252775,0.503745
22.046204,16.556528,6.178452,0.488531
21.493362,16.783198,6.106973,0.477774
20.898955,17.005565,6.040925,0.471458
20.269752,17.223595,5.982894,0.469566
19.612528,17.437255,5.935468,0.472084
18.934054,17.646510,5.901233,0.478995
18.241103,17.851329,5.882777,0.490285
17.540446,18.051676,5.882686,0.505937
16.838855,18.247520,5.903547,0.525936
16.143103,18.438826,5.947948,0.550266
15.459962,18.625561,6.018475,0.578912
14.796186,18.807684,6.117702,0.611857
14.156167,18.984035,6.246341,0.648967
13.539544,19.151206,6.401364,0.689869
12.945387,19.305520,6.579298,0.734162
12.372768,19.443302,6.776666,0.781446
11.820756,19.560874,6.989993,0.831319
11.288423,19.654560,7.215805,0.883381
10.774839,19.720684,7.450627,0.937231
10.279075,19.755570,7.690984,0.992469
9.800201,19.755539,7.933400,1.048692
9.337289,19.716917,8.174401,1.105501
8.889409,19.636026,8.410511,1.162494
8.455631,19.509191,8.638255,1.219271
8.035027,19.332734,8.854159,1.275431
7.626667,19.102979,9.054748,1.330573
7.229621,18.816249,9.236546,1.384297
6.842962,18.468869,9.396078,1.436201
6.465758,18.057162,9.529870,1.485884
6.097445,17.579429,9.635553,1.533165
5.738576,17.040031,9.714142,1.578530
5.389916,16.444488,9.767303,1.622595
5.052230,15.798318,9.796702,1.665975
4.726283,15.107043,9.804002,1.709286
4.412841,14.376180,9.790868,1.753142
4.112670,13.611250,9.758967,1.798159
3.826534,12.817773,9.709961,1.844953
3.555199,12.001267,9.645517,1.894138
3.299432,11.167253,9.567299,1.946331
3.059996,10.321249,9.476972,2.002145
2.837658,9.468776,9.376200,2.062197
2.633183,8.615353,9.266650,2.127102
2.447336,7.766500,9.149984,2.197474
2.280883,6.927735,9.027869,2.273931
2.134589,6.104579,8.901970,2.357086
2.009220,5.302552,8.773950,2.447554
1.905580,4.526588,8.645342,2.545667
1.824659,3.778830,8.517036,2.650385
1.767502,3.060587,8.389732,2.760262
1.735155,2.373167,8.264131,2.873854
1.728664,1.717878,8.140933,2.989714
1.749074,1.096029,8.020838,3.106396
1.797430,0.508928,7.904546,-3.060731
1.874778,-0.042117,7.792757,-2.946743
1.982164,-0.555797,7.686172,-2.836271
2.120633,-1.030803,7.585490,-2.730760
2.291230,-1.465828,7.491412,-2.631656
2.495001,-1.859563,7.404638,-2.540407
2.732992,-2.210699,7.325867,-2.458456
3.006248,-2.517929,7.255801,-2.387251
3.315815,-2.779944,7.195139,-2.328237
3.662737,-2.995435,7.144581,-2.282861
4.048061,-3.163094,7.104828,-2.252567
4.472441,-3.281800,7.076512,-2.238554
4.933565,-3.351841,7.059750,-2.240132
5.427762,-3.374153,7.054426,-2.255746
5.951353,-3.349678,7.060420,-2.283840
6.500661,-3.279353,7.077613,-2.322854
7.072007,-3.164120,7.105887,-2.371230
7.661713,-3.004918,7.145122,-2.427410
8.266101,-2.802687,7.195200,-2.489836
8.881493,-2.558366,7.256002,-2.556949
9.504210,-2.272895,7.327408,-2.627191
10.130574,-1.947214,7.409301,-2.699003
10.756907,-1.582263,7.501560,-2.770828
11.379531,-1.178981,7.604068,-2.841107
11.994767,-0.738309,7.716705,-2.908282
12.598938,-0.261185,7.839352,-2.970794
13.188365,0.251449,7.971890,-3.027085
13.759370,0.798656,8.114201,-3.075597
14.308345,1.379361,8.266068,-3.114891
14.832569,1.990822,8.426029,3.138149
15.329933,2.629146,8.591772,3.116047
15.798335,3.290418,8.760965,3.100864
16.235678,3.970723,8.931278,3.091474
16.639862,4.666148,9.100382,3.086752
17.008788,5.372778,9.265946,3.085573
17.340357,6.086697,9.425639,3.086811
17.632470,6.803992,9.577131,3.089343
17.883027,7.520747,9.718091,3.092042
18.089930,8.233049,9.846190,3.093783
18.251079,8.936983,9.959098,3.093441
18.364374,9.628633,10.054482,3.089892
18.427718,10.304086,10.130014,3.082009
18.439011,10.959427,10.183363,3.068667
18.396153,11.590741,10.212199,3.048742
18.297045,12.194114,10.214191,3.021109
18.139705,12.765719,10.187114,2.984680
17.924867,13.303789,10.131231,2.939282
17.656023,13.808644,10.049318,2.885666
17.336788,14.280699,9.944270,2.824623
16.970774,14.720367,9.818975,2.756944
16.561596,15.128062,9.676327,2.683422
16.112867,15.504197,9.519215,2.604847
15.628202,15.849186,9.350533,2.522012
15.111214,16.163442,9.173170,2.435708
14.565517,16.447379,8.990018,2.346726
13.994725,16.701411,8.803968,2.255859
13.402452,16.925952,8.617913,2.163898
12.792311,17.121414,8.434742,2.071634
12.167917,17.288211,8.257348,1.979859
11.532883,17.426758,8.088622,1.889364
10.890823,17.537467,7.931455,1.800942
10.245351,17.620753,7.788738,1.715384
9.600073,17.677020,7.663335,1.633474
8.958219,17.706217,7.556598,1.555597
8.322447,17.707608,7.467615,1.481540
7.695373,17.680401,7.395291,1.411042
7.079611,17.623805,7.338528,1.343841
6.477774,17.537028,7.296230,1.279675
5.892477,17.419278,7.267301,1.218283
5.326334,17.269764,7.250643,1.159404
4.781959,17.087693,7.245161,1.102774
4.261966,16.872274,7.249757,1.048134
3.768970,16.622716,7.263336,0.995221
3.305584,16.338226,7.284801,0.943773
2.874423,16.018013,7.313055,0.893529
2.478100,15.661285,7.347002,0.844227
2.119231,15.267250,7.385545,0.795606
1.800428,14.835117,7.427588,0.747404
1.524306,14.364094,7.472033,0.699359
1.293475,13.853397,7.517786,0.651210
1.109398,13.303816,7.563832,0.602767
0.970975,12.719680,7.609343,0.554003
0.876753,12.105796,7.653514,0.504909
0.825282,11.466974,7.695543,0.455482
0.815109,10.808022,7.734625,0.405713
0.844785,10.133749,7.769957,0.355596
0.912858,9.448963,7.800736,0.305125
1.017876,8.758473,7.826158,0.254293
1.158387,8.067088,7.845419,0.203095
1.332942,7.379616,7.857716,0.151523
1.540088,6.700867,7.862244,0.099571
1.778374,6.035648,7.858202,0.047233
2.046350,5.388768,7.844784,-0.005498
2.342562,4.765037,7.821187,-0.058628
2.665561,4.169262,7.786608,-0.112163
3.013895,3.606252,7.740244,-0.166111
3.386113,3.080816,7.681289,-0.220477
3.780533,2.597054,7.609331,-0.275119
4.194679,2.156622,7.525291,-0.329385
4.625904,1.760649,7.430384,-0.382511
5.071561,1.410263,7.325822,-0.433733
5.529002,1.106595,7.212817,-0.482288
5.995581,0.850774,7.092583,-0.527412
6.468650,0.643927,6.966333,-0.568342
6.945562,0.487186,6.835278,-0.604315
7.423671,0.381679,6.700633,-0.634566
7.900328,0.328535,6.563608,-0.658332
8.372887,0.328883,6.425419,-0.674851
8.838700,0.383853,6.287276,-0.683358
9.295121,0.494573,6.150393,-0.683090
9.739502,0.662173,6.015983,-0.673283
10.169197,0.887783,5.885259,-0.653174
10.581557,1.172531,5.759432,-0.622000
10.973936,1.517546,5.639717,-0.578996
11.344230,1.923210,5.527161,-0.523631
11.693270,2.385871,5.421929,-0.456621
12.022869,2.900522,5.323887,-0.379099
12.334843,3.462157,5.232904,-0.292201
12.631006,4.065771,5.148845,-0.197059
12.913172,4.706354,5.071577,-0.094810
13.183157,5.378903,5.000968,0.013412
13.442776,6.078408,4.936885,0.126474
13.693843,6.799865,4.879194,0.243240
13.938173,7.538265,4.827762,0.362576
14.177580,8.288603,4.782456,0.483347
14.413881,9.045872,4.743143,0.604419
14.648889,9.805065,4.709691,0.724658
14.884419,10.561176,4.681965,0.842929
15.122286,11.309197,4.659833,0.958097
15.364305,12.044123,4.643162,1.069028
15.612291,12.760946,4.631819,1.174587
15.867934,13.454953,4.625724,1.273757
16.131849,14.123953,4.625271,1.366525
16.404102,14.767048,4.631093,1.453393
16.684754,15.383351,4.643823,1.534868
16.973867,15.971973,4.664098,1.611456
17.271502,16.532027,4.692551,1.683663
17.577719,17.062624,4.729819,1.751996
17.892581,17.562876,4.776534,1.816960
18.216149,18.031896,4.833334,1.879062
18.548484,18.468795,4.900851,1.938809
18.889646,18.872685,4.979722,1.996707
19.239698,19.242679,5.070582,2.053262
19.598701,19.577888,5.174064,2.108979
19.966715,19.877424,5.290804,2.164367
20.343803,20.140400,5.421436,2.219930
20.730025,20.365927,5.566597,2.276175
21.125442,20.553117,5.726920,2.333609
21.529993,20.701123,5.902946,2.392708
21.941785,20.809698,6.093843,2.453520
22.357534,20.879051,6.297729,2.515764
22.773922,20.909402,6.512695,2.579152
23.187629,20.900973,6.736833,2.643394
23.595336,20.853984,6.968236,2.708202
23.993725,20.768656,7.204995,2.773288
24.379475,20.645211,7.445203,2.838362
24.749269,20.483868,7.686952,2.903135
25.099786,20.284849,7.928333,2.967320
25.427708,20.048374,8.167439,3.030627
25.729715,19.774664,8.402361,3.092768
26.002489,19.463941,8.631192,-3.129732
26.242711,19.116425,8.852024,-3.070790
26.447060,18.732336,9.062948,-3.013880
26.612220,18.311896,9.262057,-2.959292
26.734869,17.855326,9.447443,-2.907314
26.811745,17.362940,9.617242,-2.858233
26.841192,16.837774,9.770866,-2.812312
26.823360,16.285916,9.909157,-2.769779
26.758494,15.713616,10.033037,-2.730866
26.646837,15.127125,10.143423,-2.695800
26.488637,14.532693,10.241237,-2.664812
26.284137,13.936570,10.327396,-2.638130
26.033583,13.345008,10.402822,-2.615983
25.737220,12.764255,10.468433,-2.598601
25.395292,12.200564,10.525149,-2.586213
25.008046,11.660184,10.573890,-2.579048
24.575727,11.149366,10.615574,-2.577335
24.098578,10.674360,10.651123,-2.581304
23.576846,10.241417,10.681454,-2.591183
23.010775,9.856787,10.707489,-2.607203
22.400611,9.526721,10.730145,-2.629591
21.746599,9.257469,10.750344,-2.658578
21.049014,9.055234,10.768994,-2.694386
20.310393,8.922757,10.786293,-2.736777
19.537034,8.857018,10.801251,-2.784743
18.735590,8.854452,10.812766,-2.837204
17.912713,8.911494,10.819737,-2.893082
17.075057,9.024581,10.821061,-2.951296
16.229274,9.190146,10.815637,-3.010767
15.382017,9.404625,10.802364,-3.070415
14.539940,9.664455,10.780140,-3.129161
13.709695,9.966069,10.747863,3.097261
12.897936,10.305904,10.704431,3.043559
12.111314,10.680395,10.648742,2.993998
11.356484,11.085977,10.579696,2.949658
10.640098,11.519085,10.496189,2.911619
9.968809,11.976155,10.397122,2.880959
9.349271,12.453622,10.281391,2.858760
8.788135,12.947921,10.147895,2.846100
8.292050,13.455489,9.995535,2.844058
7.865494,13.972992,9.824200,2.853077
7.507505,14.497678,9.636259,2.872011
7.216280,15.026884,9.434463,2.899466
6.990016,15.557946,9.221565,2.934052
6.826912,16.088203,9.000316,2.974374
6.725163,16.614991,8.773467,3.019040
6.682968,17.135647,8.543771,3.066659
6.698523,17.647507,8.313979,3.115837
6.770027,18.147910,8.086842,-3.118003
6.895676,18.634191,7.865114,-3.069884
7.073667,19.103689,7.651544,-3.024383
7.302199,19.553740,7.448885,-2.982892
7.579468,19.981680,7.259889,-2.946805
7.903672,20.384848,7.087307,-2.917513
8.273007,20.760579,6.933891,-2.896409
8.685672,21.106212,6.802392,-2.884886
9.139864,21.419083,6.695564,-2.884337
9.633359,21.697046,6.615434,-2.895640
10.162301,21.939963,6.561230,-2.917681
10.722435,22.148183,6.531497,-2.948863
11.309510,22.322056,6.524782,-2.987589
11.919272,22.461932,6.539631,-3.032260
12.547467,22.568158,6.574590,-3.081279
13.189842,22.641086,6.628205,-3.133049
13.842144,22.681063,6.699022,3.097215
14.500121,22.688439,6.785588,3.044737
15.159517,22.663564,6.886448,2.994303
15.816081,22.606787,7.000148,2.947508
16.465560,22.518457,7.125234,2.905952
17.103699,22.398923,7.260254,2.871231
17.726245,22.248535,7.403751,2.844943
18.328947,22.067642,7.554274,2.828686
18.907549,21.856593,7.710368,2.824057
19.457799,21.615737,7.870578,2.832655
19.975640,21.345590,8.033529,2.855765
20.458207,21.047670,8.198316,2.892784
20.903086,20.723875,8.364211,2.942394
21.307862,20.376103,8.530488,3.003277
21.670122,20.006254,8.696419,3.074115
21.987451,19.616226,8.861278,-3.129596
22.257436,19.207916,9.024337,-3.042804
22.477662,18.783225,9.184869,-2.950012
22.645716,18.344049,9.342149,-2.852538
22.759182,17.892288,9.495448,-2.751701
22.815648,17.429841,9.644039,-2.648819
22.812698,16.958605,9.787196,-2.545210
22.747920,16.480480,9.924193,-2.442193
22.618899,15.997363,10.054300,-2.341085
22.423220,15.511154,10.176793,-2.243206
22.158471,15.023751,10.290944,-2.149874
21.822236,14.537052,10.396025,-2.062406
21.412653,14.052817,10.491309,-1.982042
20.933299,13.571441,10.576047,-1.909245
20.390849,13.092540,10.649482,-1.844035
19.792018,12.615719,10.710856,-1.786425
19.143516,12.140586,10.759410,-1.736431
18.452057,11.666748,10.794388,-1.694066
17.724353,11.193811,10.815030,-1.659346
16.967116,10.721381,10.820579,-1.632285
16.187058,10.249067,10.810277,-1.612897
15.390893,9.776473,10.783365,-1.601197
14.585333,9.303208,10.739087,-1.597200
13.777090,8.828878,10.676682,-1.600919
12.972876,8.353089,10.595395,-1.612370
12.179405,7.875448,10.494466,-1.631566
11.403387,7.395562,10.373138,-1.658523
10.651537,6.913038,10.230653,-1.693254
9.930566,6.427482,10.066252,-1.735775
9.247036,5.938624,9.879280,-1.786067
8.604894,5.448327,9.670842,-1.843529
8.005879,4.960254,9.443535,-1.907072
7.451661,4.478126,9.200002,-1.975592
6.943907,4.005665,8.942884,-2.047982
6.484288,3.546590,8.674825,-2.123138
6.074473,3.104623,8.398468,-2.199954
5.716130,2.683484,8.116456,-2.277325
5.410928,2.286894,7.831430,-2.354147
5.160538,1.918575,7.546034,-2.429313
4.966627,1.582247,7.262911,-2.501718
4.830865,1.281630,6.984703,-2.570258
4.754921,1.020446,6.714054,-2.633827
4.740464,0.802415,6.453605,-2.691319
4.789163,0.631258,6.206000,-2.741631
4.902687,0.510696,5.973881,-2.783655
5.082706,0.444450,5.759891,-2.816289
5.330811,0.436164,5.566628,-2.838449
5.645845,0.486777,5.395065,-2.849917
6.023229,0.593856,5.244158,-2.851547
6.458165,0.754755,5.112733,-2.844261
6.945860,0.966831,4.999618,-2.828979
7.481518,1.227437,4.903639,-2.806624
8.060342,1.533930,4.823625,-2.778116
8.677538,1.883665,4.758401,-2.744378
9.328311,2.273997,4.706796,-2.706329
10.007865,2.702280,4.667636,-2.664893
10.711404,3.165871,4.639749,-2.620990
11.434133,3.662125,4.621961,-2.575542
12.171257,4.188396,4.613101,-2.529470
12.917980,4.742041,4.611995,-2.483695
13.669506,5.320413,4.617471,-2.439139
14.421042,5.920869,4.628355,-2.396724
15.167790,6.540764,4.643475,-2.357371
15.904961,7.177452,4.661664,-2.321997
16.628326,7.828194,4.682394,-2.291219
17.334696,8.490078,4.706319,-2.265088
18.020993,9.160175,4.734223,-2.243595
18.684141,9.835553,4.766886,-2.226731
19.321064,10.513283,4.805092,-2.214488
19.928683,11.190435,4.849623,-2.206857
20.503923,11.864078,4.901261,-2.203828
21.043706,12.531281,4.960789,-2.205394
21.544956,13.189115,5.028990,-2.211544
22.004595,13.834650,5.106645,-2.222271
22.419547,14.464954,5.194537,-2.237566
22.786735,15.077098,5.293449,-2.257419
23.103082,15.668151,5.404163,-2.281821
23.365511,16.235184,5.527461,-2.310765
23.570945,16.775265,5.664126,-2.344241
23.716308,17.285465,5.814940,-2.382239
23.798523,17.762854,5.980685,-2.424753
23.815810,18.205327,6.161567,-2.471645
23.770021,18.613093,6.356176,-2.522425
23.663646,18.986768,6.562818,-2.576542
23.499174,19.326967,6.779800,-2.633444
23.279094,19.634304,7.005428,-2.692577
23.005895,19.909394,7.238009,-2.753389
22.682066,20.152852,7.475849,-2.815329
22.310096,20.365292,7.717255,-2.877844
21.892474,20.547330,7.960533,-2.940382
21.431688,20.699580,8.203991,-3.002390
20.930229,20.822657,8.445934,-3.063317
20.390584,20.917175,8.684670,-3.122609
19.815244,20.983750,8.918504,3.103470
19.206696,21.022996,9.145744,3.049102
18.567431,21.035528,9.364696,2.998026
17.899936,21.021961,9.573667,2.950792
17.206702,20.982910,9.770963,2.907954
16.490393,20.918997,9.955223,2.869922
15.754454,20.830885,10.126543,2.836488
15.002537,20.719244,10.285414,2.807273
14.238298,20.584746,10.432331,2.781900
13.465391,20.428063,10.567785,2.759992
12.687470,20.249865,10.692268,2.741169
11.908189,20.050825,10.806274,2.725056
11.131204,19.831614,10.910296,2.711273
10.360167,19.592903,11.004825,2.699443
9.598734,19.335364,11.090354,2.689189
8.850560,19.059668,11.167376,2.680131
8.119297,18.766486,11.236384,2.671894
7.408602,18.456491,11.297870,2.664098
6.722127,18.130353,11.352327,2.656367
6.063528,17.788745,11.400248,2.648322
5.436459,17.432337,11.442124,2.639585
4.844574,17.061801,11.478449,2.629779
4.291167,16.677750,11.509704,2.618534
3.777051,16.280401,11.536287,2.605536
3.301993,15.869801,11.558563,2.590493
2.865753,15.445997,11.576898,2.573116
2.468096,15.009038,11.591655,2.553113
2.108782,14.558969,11.603199,2.530193
1.787575,14.095839,11.611894,2.504066
1.504237,13.619694,11.618107,2.474441
1.258530,13.130583,11.622200,2.441027
1.050217,12.628551,11.624539,2.403533
0.879060,12.113647,11.625488,2.361669
0.744821,11.585918,11.625411,2.315143
0.647263,11.045411,11.624675,2.263665
0.586149,10.492174,11.623642,2.206945
0.561239,9.926253,11.622678,2.144690
0.572298,9.347695,11.622147,2.076611
0.619088,8.756550,11.622415,2.002417
0.701303,8.153073,11.623796,1.921852
0.817887,7.539922,11.626054,1.835063
0.967304,6.921269,11.628604,1.742451
1.148010,6.301313,11.630854,1.644422
1.358462,5.684252,11.632211,1.541381
1.597116,5.074284,11.632085,1.433734
1.862429,4.475607,11.629882,1.321886
2.152857,3.892421,11.625012,1.206243
2.466858,3.328922,11.616883,1.087210
2.802888,2.789309,11.604902,0.965192
3.159403,2.277781,11.588478,0.840595
3.534860,1.798534,11.567019,0.713825
3.927715,1.355769,11.539933,0.585287
4.336426,0.953682,11.506629,0.455386
4.759448,0.596473,11.466514,0.324529
5.195239,0.288338,11.418997,0.193119
5.642255,0.033477,11.363487,0.061563
6.098969,-0.164090,11.299406,-0.069743
6.564215,-0.304007,11.226511,-0.200597
7.037157,-0.389350,11.144865,-0.330981
7.516977,-0.423327,11.054545,-0.460883
8.002853,-0.409146,10.955626,-0.590289
8.493966,-0.350017,10.848187,-0.719189
8.989495,-0.249147,10.732302,-0.847570
9.488619,-0.109747,10.608048,-0.975419
9.990520,0.064977,10.475501,-1.102725
10.494375,0.271815,10.334739,-1.229476
10.999366,0.507559,10.185836,-1.355658
11.504671,0.769000,10.028871,-1.481261
12.009471,1.052929,9.863918,-1.606272
12.512945,1.356138,9.691054,-1.730679
13.014273,1.675419,9.510356,-1.854469
13.512635,2.007562,9.321900,-1.977631
14.007209,2.349359,9.125762,-2.100152
14.497183,2.697636,8.922035,-2.222014
14.981982,3.050756,8.711551,-2.342910
15.461369,3.409209,8.496162,-2.462136
15.935132,3.773643,8.277798,-2.578957
16.403058,4.144702,8.058384,-2.692640
16.864933,4.523034,7.839850,-2.802450
17.320546,4.909284,7.624124,-2.907654
17.769683,5.304099,7.413133,-3.007517
18.212131,5.708126,7.208806,-3.101305
18.647678,6.122009,7.013070,3.094900
19.076111,6.546397,6.827853,3.015463
19.497216,6.981935,6.655084,2.944303
19.910781,7.429268,6.496690,2.882153
20.316594,7.889045,6.354600,2.829747
20.714441,8.361910,6.230741,2.787821
21.104109,8.848510,6.127041,2.757107
21.485386,9.349492,6.045428,2.738339
21.858052,9.865495,5.987825,2.732249
22.220848,10.396176,5.955166,2.739021
22.570372,10.939164,5.946356,2.757712
22.902955,11.491836,5.960046,2.787240
23.214927,12.051569,5.994886,2.826524
23.502620,12.615739,6.049529,2.874483
23.762366,13.181724,6.122625,2.930033
23.990495,13.746902,6.212826,2.992094
24.183340,14.308648,6.318783,3.059583
24.337231,14.864341,6.439147,3.131419
24.448499,15.411357,6.572570,-3.076665
24.513476,15.947074,6.717702,-2.999381
24.528493,16.468868,6.873196,-2.920996
24.489882,16.974117,7.037703,-2.842590
24.393973,17.460197,7.209873,-2.765248
24.237098,17.924486,7.388358,-2.690049
24.015589,18.364362,7.571810,-2.618076
23.725777,18.777200,7.758879,-2.550411
23.366204,19.160684,7.948180,-2.487821
22.942388,19.513458,8.138214,-2.430083
22.461223,19.834356,8.327458,-2.376778
21.929603,20.122213,8.514389,-2.327488
21.354419,20.375864,8.697484,-2.281794
20.742567,20.594142,8.875220,-2.239277
20.100937,20.775883,9.046075,-2.199519
19.436425,20.919921,9.208526,-2.162101
18.755923,21.025089,9.361051,-2.126605
18.066325,21.090224,9.502126,-2.092611
17.374523,21.114159,9.630229,-2.059701
16.687411,21.095728,9.743837,-2.027457
16.011881,21.033767,9.841428,-1.995459
15.354829,20.927109,9.921478,-1.963289
14.723145,20.774589,9.982465,-1.930529
14.123724,20.575042,10.022866,-1.896760
13.563459,20.327302,10.041159,-1.861563
13.048041,20.030712,10.036236,-1.824650
12.577238,19.687127,10.009032,-1.786380
12.148996,19.299171,9.961111,-1.747309
11.761260,18.869471,9.894038,-1.707993
11.411977,18.400652,9.809377,-1.668989
11.099093,17.895339,9.708693,-1.630854
10.820553,17.356157,9.593549,-1.594144
10.574304,16.785733,9.465510,-1.559415
10.358291,16.186692,9.326140,-1.527225
10.170460,15.561659,9.177004,-1.498129
10.008757,14.913260,9.019665,-1.472684
9.871127,14.244121,8.855689,-1.451447
9.755518,13.556866,8.686639,-1.434974
9.659874,12.854122,8.514080,-1.423821
9.582142,12.138514,8.339576,-1.418546
9.520267,11.412667,8.164691,-1.419705
9.472195,10.679207,7.990990,-1.427854
9.436120,9.940916,7.819922,-1.443472
9.412176,9.201801,7.652042,-1.466426
9.401411,8.466444,7.487479,-1.496296
9.404877,7.739433,7.326364,-1.532659
9.423628,7.025355,7.168824,-1.575094
9.458718,6.328795,7.014990,-1.623178
9.511198,5.654341,6.864989,-1.676490
9.582123,5.006580,6.718950,-1.734606
9.672545,4.390098,6.577003,-1.797106
9.783518,3.809483,6.439276,-1.863567
9.916094,3.269320,6.305899,-1.933566
10.071328,2.774196,6.176999,-2.006682
10.250271,2.328699,6.052705,-2.082493
10.453978,1.937416,5.933147,-2.160576
10.683501,1.604931,5.818454,-2.240509
10.939894,1.335834,5.708754,-2.321870
11.224209,1.134710,5.604176,-2.404238
11.537358,1.005785,5.504841,-2.487203
11.878396,0.948555,5.410773,-2.570532
12.245069,0.959178,5.321926,-2.654115
12.635095,1.033746,5.238252,-2.737845
13.046192,1.168350,5.159704,-2.821616
13.476079,1.359081,5.086234,-2.905320
13.922475,1.602029,5.017796,-2.988851
14.383099,1.893285,4.954342,-3.072100
14.855668,2.228939,4.895825,3.128224
15.337901,2.605084,4.842196,3.045857
15.827518,3.017809,4.793410,2.964093
16.322235,3.463206,4.749417,2.883038
16.819773,3.937365,4.710172,2.802799
17.317850,4.436376,4.675627,2.723483
17.814183,4.956332,4.645734,2.645198
18.306493,5.493322,4.620446,2.568050
18.792496,6.043438,4.599715,2.492147
19.269915,6.602825,4.583502,2.417586
19.736517,7.168991,4.571928,2.344266
20.190122,7.740861,4.565287,2.271873
20.628552,8.317423,4.563881,2.200084
21.049628,8.897668,4.568009,2.128576
21.451172,9.480585,4.577974,2.057025
21.831005,10.065163,4.594076,1.985110
22.186950,10.650394,4.616616,1.912506
22.516827,11.235265,4.645896,1.838891
22.818459,11.818767,4.682216,1.763941
23.089666,12.399890,4.725878,1.687335
23.328272,12.977623,4.777182,1.608748
23.532096,13.550956,4.836430,1.527858
23.698962,14.118878,4.903923,1.444342
23.826690,14.680380,4.979962,1.357876
23.913102,15.234450,5.064847,1.268139
23.956020,15.780079,5.158881,1.174805
23.953294,16.316253,5.262356,1.077563
23.904477,16.841738,5.375116,0.976613
23.811732,17.354965,5.496317,0.872950
23.677447,17.854336,5.625052,0.767639
23.504009,18.338253,5.760418,0.661740
23.293805,18.805117,5.901509,0.556318
23.049223,19.253330,6.047422,0.452435
22.772648,19.681295,6.197252,0.351153
22.466469,20.087412,6.350093,0.253536
22.133072,20.470085,6.505043,0.160646
21.774844,20.827715,6.661195,0.073545
21.394172,21.158703,6.817646,-0.006703
20.993444,21.461452,6.973490,-0.079035
20.575046,21.734363,7.127823,-0.142389
20.141366,21.975839,7.279742,-0.195703
19.694789,22.184280,7.428340,-0.237913
19.237705,22.358090,7.572713,-0.267956
18.772496,22.495672,7.711959,-0.284774
18.300948,22.596101,7.845505,-0.288024
17.823457,22.659990,7.973541,-0.279023
17.340228,22.688174,8.096365,-0.259320
16.851463,22.681485,8.214277,-0.230464
16.357366,22.640755,8.327573,-0.194006
15.858140,22.566817,8.436552,-0.151493
15.353987,22.460504,8.541511,-0.104476
14.845113,22.322648,8.642750,-0.054504
14.331719,22.154082,8.740565,-0.003126
13.814008,21.955638,8.835256,0.048109
13.292185,21.728150,8.927119,0.097651
12.766453,21.472448,9.016454,0.143951
12.237013,21.189368,9.103558,0.185459
11.704071,20.879739,9.188729,0.220627
11.167829,20.544397,9.272265,0.247905
10.628490,20.184172,9.354465,0.265744
10.086257,19.799898,9.435626,0.272594
9.541745,19.392572,9.515961,0.267473
8.997029,18.963777,9.595378,0.251415
8.454508,18.515226,9.673717,0.225898
7.916580,18.048632,9.750819,0.192404
7.385644,17.565709,9.826524,0.152413
6.864099,17.068168,9.900674,0.107403
6.354344,16.557723,9.973108,0.058856
5.858778,16.036088,10.043667,0.008252
5.379800,15.504975,10.112192,-0.042930
4.919808,14.966096,10.178522,-0.093210
4.481202,14.421166,10.242500,-0.141106
4.066380,13.871897,10.303964,-0.185140
3.677742,13.320002,10.362757,-0.223831
3.317685,12.767194,10.418717,-0.255699
2.988610,12.215186,10.471686,-0.279264
2.692915,11.665691,10.521505,-0.293047
2.432998,11.120423,10.568013,-0.295566
2.210951,10.581085,10.611010,-0.285644
2.027151,10.049337,10.650067,-0.263785
1.881384,9.526822,10.684674,-0.231073
1.773436,9.015183,10.714323,-0.188591
1.703091,8.516063,10.738505,-0.137426
1.670136,8.031105,10.756711,-0.078660
1.674356,7.561953,10.768431,-0.013379
1.715535,7.110249,10.773158,0.057333
1.793460,6.677636,10.770381,0.132391
1.907916,6.265759,10.759593,0.210711
2.058689,5.876259,10.740284,0.291209
2.245562,5.510779,10.711945,0.372799
2.468323,5.170964,10.674067,0.454398
2.726757,4.858456,10.626142,0.534920
3.020648,4.574898,10.567661,0.613282
3.349782,4.321933,10.498114,0.688398
3.713945,4.101205,10.416993,0.759185
4.112767,3.914167,10.323929,0.824669
4.544488,3.760591,10.219795,0.884881
5.006621,3.639363,10.106122,0.940376
5.496672,3.549361,9.984443,0.991712
6.012145,3.489464,9.856294,1.039452
6.550547,3.458549,9.723208,1.084154
7.109382,3.455496,9.586721,1.126379
7.686157,3.479182,9.448368,1.166686
8.278376,3.528486,9.309682,1.205636
8.883546,3.602286,9.172199,1.243789
9.499171,3.699460,9.037453,1.281705
10.122757,3.818888,8.906979,1.319944
10.751810,3.959446,8.782311,1.359066
11.383835,4.120014,8.664984,1.399631
12.016337,4.299470,8.556533,1.442199
12.646822,4.496692,8.458493,1.487330
13.272796,4.710559,8.372397,1.535584
13.891843,4.939990,8.299682,1.587468
14.502758,5.184537,8.240257,1.642670
15.105286,5.444247,8.192842,1.700240
15.699194,5.719180,8.156124,1.759209
16.284250,6.009396,8.128790,1.818609
16.860224,6.314954,8.109526,1.877473
17.426883,6.635916,8.097021,1.934831
17.983996,6.972340,8.089960,1.989716
18.531331,7.324287,8.087031,2.041161
19.068656,7.691817,8.086922,2.088195
19.595740,8.074989,8.088318,2.129853
20.112351,8.473864,8.089907,2.165165
20.618258,8.888501,8.090377,2.193164
21.113229,9.318961,8.088414,2.212881
21.597032,9.765303,8.082705,2.223348
22.069435,10.227588,8.071937,2.223597
22.530207,10.705874,8.054798,2.212661
22.979085,11.200119,8.030007,2.189602
23.414855,11.707143,7.997283,2.154427
23.835205,12.220154,7.957495,2.108233
24.237764,12.732158,7.911576,2.052174
24.620160,13.236163,7.860460,1.987406
24.980023,13.725175,7.805078,1.915085
25.314979,14.192201,7.746365,1.836367
25.622659,14.630248,7.685253,1.752408
25.900689,15.032323,7.622675,1.664362
26.146700,15.391433,7.559564,1.573387
26.358318,15.700584,7.496853,1.480637
26.533172,15.952784,7.435476,1.387268
26.668892,16.141040,7.376365,1.294436
26.763105,16.258359,7.320453,1.203297
26.813440,16.297746,7.268673,1.115006
26.817525,16.252210,7.221959,1.030719
26.772988,16.114757,7.181243,0.951593
26.677491,15.878468,7.147452,0.878774
26.531233,15.542291,7.120997,0.812882
26.338758,15.115202,7.101411,0.753624
26.105032,14.607155,7.088140,0.700620
25.835022,14.028106,7.080631,0.653489
25.533695,13.388012,7.078329,0.611851
25.206018,12.696827,7.080680,0.575324
24.856957,11.964508,7.087132,0.543530
24.491481,11.201010,7.097129,0.516086
24.114555,10.416289,7.110119,0.492612
23.731147,9.620300,7.125547,0.472729
23.346223,8.823000,7.142859,0.456054
22.964751,8.034344,7.161502,0.442208
22.591697,7.264288,7.180922,0.430810
22.232029,6.522787,7.200566,0.421480
21.890712,5.819797,7.219878,0.413837
21.572716,5.165274,7.238306,0.407500
21.283001,4.569167,7.255296,0.402090
21.024814,4.037954,7.270462,0.397311
20.796965,3.569160,7.283845,0.393094
20.597558,3.158884,7.295558,0.389403
20.424696,2.803224,7.305711,0.386204
20.276484,2.498281,7.314417,0.383461
20.151025,2.240151,7.321786,0.381139
20.046423,2.024935,7.327930,0.379203
19.960782,1.848731,7.332960,0.377618
19.892206,1.707638,7.336988,0.376348
19.838799,1.597754,7.340125,0.375360
19.798664,1.515179,7.342482,0.374617
19.769907,1.456011,7.344172,0.374085
19.750630,1.416349,7.345304,0.373728
19.738937,1.392291,7.345991,0.373512
19.732933,1.379937,7.346343,0.373400
19.730721,1.375386,7.346473,0.373360
19.730405,1.374736,7.346492,0.373354
