67.732211,-43.265354,8.000000,2.356194
67.732388,-43.265335,8.000000,2.356192
67.733629,-43.265199,8.000000,2.356172
67.736995,-43.264831,8.000000,2.356117
67.743552,-43.264114,8.000000,2.356011
67.754360,-43.262931,8.000000,2.355836
67.770485,-43.261166,8.000000,2.355574
67.792989,-43.258704,8.000000,2.355209
67.822935,-43.255427,8.000000,2.354724
67.861386,-43.251220,8.000000,2.354101
67.909405,-43.245965,8.000000,2.353323
67.967981,-43.239558,8.000000,2.352370
68.035985,-43.232202,8.000000,2.351166
68.109956,-43.224442,8.000000,2.349572
68.186310,-43.216839,8.000000,2.347443
68.261464,-43.209955,8.000000,2.344637
68.331833,-43.204352,8.000000,2.341009
68.393835,-43.200593,8.000000,2.336418
68.443886,-43.199238,8.000000,2.330719
68.478401,-43.200851,8.000000,2.323770
68.493799,-43.205993,8.000000,2.315427
68.486494,-43.215226,8.000000,2.305546
68.453801,-43.229183,8.000000,2.294063
68.397558,-43.248854,8.000000,2.281298
68.321023,-43.275341,8.000000,2.267699
68.227458,-43.309748,8.000000,2.253708
68.120124,-43.353176,8.000000,2.239773
68.002281,-43.406729,8.000000,2.226337
67.877190,-43.471508,8.000000,2.213847
67.748111,-43.548617,8.000000,2.202746
67.618305,-43.639158,8.000000,2.193481
67.491032,-43.744233,8.000000,2.186496
67.369502,-43.864902,8.000000,2.182227
67.254687,-44.000417,8.000000,2.180712
67.144542,-44.147578,8.000000,2.181452
67.036805,-44.303015,8.000000,2.183909
66.929213,-44.463354,8.000000,2.187544
66.819505,-44.625226,8.000000,2.191820
66.705420,-44.785256,8.000000,2.196199
66.584695,-44.940075,8.000000,2.200143
66.455069,-45.086310,8.000000,2.203113
66.314281,-45.220589,8.000000,2.204573
66.160068,-45.339540,8.000000,2.203984
65.991222,-45.440584,8.000000,2.200876
65.813261,-45.526200,8.000000,2.195216
65.634345,-45.600855,8.000000,2.187140
65.462644,-45.669022,8.000000,2.176788
65.306326,-45.735174,8.000000,2.164295
65.173559,-45.803785,8.000000,2.149801
65.072511,-45.879326,8.000000,2.133443
65.011352,-45.966271,8.000000,2.115358
64.998249,-46.069093,8.000000,2.095685
65.041371,-46.192264,8.000000,2.074562
65.148802,-46.340177,8.000000,2.052126
65.322470,-46.511417,8.000000,2.028566
65.554087,-46.694922,8.000000,2.004151
65.834398,-46.878722,8.000000,1.979159
66.154151,-47.050848,8.000000,1.953868
66.504093,-47.199328,8.000000,1.928554
66.874971,-47.312193,8.000000,1.903496
67.257531,-47.377472,8.000000,1.878971
67.642520,-47.383195,8.000000,1.855256
68.020686,-47.317393,8.000000,1.832630
68.382774,-47.168094,8.000000,1.811369
68.720407,-46.925673,8.000000,1.791740
69.032335,-46.599661,8.000000,1.773920
69.320797,-46.208939,8.000000,1.758044
69.588052,-45.772454,8.000000,1.744246
69.836360,-45.309152,8.000000,1.732658
70.067980,-44.837978,8.000000,1.723415
70.285174,-44.377878,8.000000,1.716650
70.490200,-43.947798,8.000000,1.712498
70.685319,-43.566684,8.000000,1.711091
70.872791,-43.253482,8.000000,1.712564
71.054860,-43.027072,8.000000,1.717049
71.231629,-42.896622,8.000000,1.724486
71.398805,-42.851412,8.000000,1.734423
71.551558,-42.878285,8.000000,1.746358
71.685060,-42.964087,8.000000,1.759792
71.794482,-43.095661,8.000000,1.774222
71.874992,-43.259852,8.000000,1.789148
71.921763,-43.443504,8.000000,1.804070
71.929965,-43.633460,8.000000,1.818486
71.894769,-43.816566,8.000000,1.831896
71.811345,-43.979665,8.000000,1.843799
71.675808,-44.110345,8.000000,1.853732
71.494296,-44.204075,8.000000,1.861645
71.278980,-44.261073,8.000000,1.867737
71.042118,-44.281619,8.000000,1.872209
70.795963,-44.265998,8.000000,1.875262
70.552773,-44.214490,8.000000,1.877098
70.324802,-44.127378,8.000000,1.877918
70.124305,-44.004944,8.000000,1.877923
69.963540,-43.847471,8.000000,1.877316
69.854760,-43.655240,8.000000,1.876296
69.810204,-43.428540,8.000000,1.875066
69.834321,-43.170635,8.000000,1.873796
69.911761,-42.892345,8.000000,1.872580
70.024075,-42.605675,8.000000,1.871501
70.152813,-42.322629,8.000000,1.870638
70.279525,-42.055213,8.000000,1.870074
70.385762,-41.815431,8.000000,1.869891
70.453073,-41.615287,8.000000,1.870171
70.463009,-41.466787,8.000000,1.870994
70.397120,-41.381935,8.000000,1.872442
70.236957,-41.372737,8.000000,1.874597
69.965592,-41.450102,8.000000,1.877524
69.587562,-41.609540,8.000000,1.881043
69.123267,-41.835172,8.000000,1.884798
68.593482,-42.110853,8.000000,1.888424
68.018980,-42.420437,8.000000,1.891561
67.420533,-42.747779,8.000000,1.893845
66.818915,-43.076734,8.000000,1.894915
66.234899,-43.391156,8.000000,1.894407
65.689258,-43.674900,8.000000,1.891961
65.202766,-43.911820,8.000000,1.887213
64.796194,-44.085774,8.000000,1.879801
64.483749,-44.186010,8.000000,1.869543
64.258773,-44.218922,8.000000,1.856830
64.110469,-44.194306,8.000000,1.842166
64.028041,-44.121957,8.000000,1.826056
64.000690,-44.011671,8.000000,1.809005
64.017620,-43.873243,8.000000,1.791517
64.068033,-43.716467,8.000000,1.774096
64.141132,-43.551140,8.000000,1.757248
64.226120,-43.387056,8.000000,1.741475
64.312200,-43.234012,8.000000,1.727284
64.388892,-43.101483,8.000000,1.715160
64.451846,-42.992815,8.000000,1.705223
64.502256,-42.905800,8.000000,1.697267
64.541515,-42.838032,8.000000,1.691071
64.571017,-42.787106,8.000000,1.686414
64.592156,-42.750616,8.000000,1.683077
64.606327,-42.726155,8.000000,1.680841
64.614922,-42.711319,8.000000,1.679484
64.619336,-42.703700,8.000000,1.678788
64.620962,-42.700893,8.000000,1.678531
64.621194,-42.700492,8.000000,1.678494
