58.586217,-36.733169,6.235711,1.118326
58.587228,-36.731964,6.236348,1.118305
58.594299,-36.723534,6.240813,1.118154
58.613492,-36.700651,6.252929,1.117745
58.650867,-36.656089,6.276525,1.116948
58.712487,-36.582623,6.315426,1.115635
58.804411,-36.473026,6.373458,1.113675
58.932700,-36.320072,6.454448,1.110940
59.103416,-36.116535,6.562223,1.107301
59.322620,-35.855188,6.700608,1.102629
59.596371,-35.528806,6.873430,1.096793
59.930423,-35.130632,7.084332,1.089666
60.321934,-34.666963,7.331879,1.081130
60.758568,-34.158526,7.609023,1.071080
61.227496,-33.626795,7.908423,1.059410
61.715888,-33.093242,8.222741,1.046017
62.210915,-32.579343,8.544636,1.030795
62.699749,-32.106571,8.866769,1.013640
63.169560,-31.696399,9.181800,0.994448
63.607518,-31.370301,9.482390,0.973114
64.000796,-31.149751,9.761199,0.949532
64.336563,-31.056223,10.010887,0.923600
64.604010,-31.106334,10.225379,0.895074
64.802505,-31.292218,10.404975,0.863025
64.934620,-31.598307,10.551980,0.826307
65.002925,-32.009032,10.668697,0.783772
65.009991,-32.508824,10.757432,0.734273
64.958391,-33.082112,10.820491,0.676663
64.850695,-33.713328,10.860179,0.609795
64.689475,-34.386902,10.878800,0.532522
64.477303,-35.087264,10.878659,0.443698
64.216749,-35.798844,10.862062,0.342174
63.910404,-36.506149,10.831315,0.226852
63.561607,-37.196915,10.788772,0.098636
63.174714,-37.863246,10.736850,-0.038859
62.754155,-38.497556,10.677974,-0.181824
62.304357,-39.092261,10.614565,-0.326452
61.829751,-39.639776,10.549047,-0.468932
61.334763,-40.132515,10.483843,-0.605458
60.823824,-40.562892,10.421374,-0.732221
60.301361,-40.923323,10.364065,-0.845413
59.771804,-41.206223,10.314338,-0.941225
59.239580,-41.404005,10.274616,-1.015850
58.709531,-41.510613,10.246855,-1.066194
58.189125,-41.529744,10.230033,-1.093743
57.686863,-41.468929,10.221953,-1.101781
57.211250,-41.335713,10.220418,-1.093597
56.770790,-41.137638,10.223230,-1.072478
56.373988,-40.882245,10.228191,-1.041714
56.029349,-40.577078,10.233104,-1.004592
55.745377,-40.229679,10.235771,-0.964402
55.530576,-39.847591,10.233993,-0.924432
55.393451,-39.438355,10.225572,-0.887970
55.342427,-39.009524,10.208325,-0.858290
55.380232,-38.569278,10.181003,-0.837664
55.500128,-38.126846,10.143914,-0.826692
55.694485,-37.691552,10.097515,-0.825818
55.955673,-37.272725,10.042262,-0.835488
56.276063,-36.879688,9.978609,-0.856144
56.648025,-36.521770,9.907012,-0.888231
57.063930,-36.208296,9.827927,-0.932194
57.516147,-35.948592,9.741810,-0.988477
57.997047,-35.751985,9.649115,-1.057524
58.499001,-35.627800,9.550299,-1.139779
59.014538,-35.583914,9.445913,-1.235580
59.537493,-35.616354,9.337291,-1.344396
60.062335,-35.715364,9.226150,-1.465273
60.583539,-35.871147,9.114208,-1.597252
61.095581,-36.073908,9.003186,-1.739376
61.592934,-36.313851,8.894802,-1.890687
62.070075,-36.581180,8.790774,-2.050226
62.521476,-36.866098,8.692824,-2.217037
62.941614,-37.158810,8.602668,-2.390161
63.324963,-37.449519,8.522027,-2.568641
63.666012,-37.728450,8.452614,-2.751518
63.961451,-37.988794,8.395261,-2.937782
64.212472,-38.229815,8.348998,-3.126317
64.420817,-38.451525,8.312633,2.967193
64.588232,-38.653932,8.284975,2.777506
64.716458,-38.837047,8.264832,2.588937
64.807241,-39.000879,8.251012,2.402616
64.862324,-39.145438,8.242326,2.219673
64.883450,-39.270733,8.237580,2.041237
64.872364,-39.376775,8.235583,1.868437
64.830808,-39.463573,8.235145,1.702404
64.760881,-39.530838,8.234994,1.544298
64.668452,-39.575107,8.233022,1.395608
64.561657,-39.591009,8.226615,1.258021
64.448666,-39.573143,8.213151,1.133227
64.337646,-39.516110,8.190010,1.022915
64.236766,-39.414512,8.154570,0.928776
64.154195,-39.262950,8.104212,0.852498
64.098102,-39.056023,8.036313,0.795772
64.076654,-38.788333,7.948254,0.760287
64.098020,-38.454482,7.837413,0.747734
64.170356,-38.049080,7.701174,0.759797
64.296120,-37.571495,7.539121,0.796242
64.463288,-37.033180,7.356429,0.851961
64.657569,-36.447481,7.159149,0.921077
64.864671,-35.827747,6.953331,0.997717
65.070301,-35.187322,6.745026,1.076006
65.260169,-34.539554,6.540284,1.150070
65.419982,-33.897789,6.345156,1.214035
65.535449,-33.275374,6.165693,1.262025
65.592277,-32.685656,6.007945,1.288168
65.576176,-32.141980,5.877964,1.286588
65.473754,-31.657055,5.781450,1.251800
65.284307,-31.234569,5.719201,1.183812
65.016510,-30.871546,5.688385,1.086688
64.679260,-30.564854,5.686087,0.964589
64.281451,-30.311361,5.709390,0.821674
63.831979,-30.107935,5.755378,0.662105
63.339738,-29.951442,5.821136,0.490041
62.813625,-29.838751,5.903748,0.309644
62.262534,-29.766730,6.000297,0.125073
61.695360,-29.732246,6.107869,-0.059511
61.120999,-29.732167,6.223545,-0.239948
60.547543,-29.763053,6.344637,-0.412847
59.980530,-29.820490,6.469165,-0.577260
59.424993,-29.899869,6.595293,-0.732726
58.885964,-29.996581,6.721185,-0.878782
58.368477,-30.106018,6.845005,-1.014966
57.877564,-30.223571,6.964917,-1.140815
57.418257,-30.344633,7.079084,-1.255868
56.995588,-30.464593,7.185670,-1.359661
56.614591,-30.578845,7.282838,-1.451734
56.280297,-30.682778,7.368753,-1.531623
55.997476,-30.771947,7.441660,-1.598910
55.765785,-30.845036,7.501394,-1.654023
55.580261,-30.903561,7.549225,-1.698153
55.435775,-30.949141,7.586476,-1.732522
55.327196,-30.983393,7.614470,-1.758350
55.249396,-31.007936,7.634528,-1.776856
55.197244,-31.024387,7.647974,-1.789262
55.165611,-31.034366,7.656129,-1.796786
55.149367,-31.039491,7.660317,-1.800650
55.143382,-31.041378,7.661860,-1.802074
55.142527,-31.041648,7.662081,-1.802277
