-23.197534,-36.309695,8.000000,1.570796
-23.197426,-36.309790,8.000000,1.570812
-23.196665,-36.310454,8.000000,1.570924
-23.194600,-36.312255,8.000000,1.571226
-23.190579,-36.315764,8.000000,1.571816
-23.183949,-36.321549,8.000000,1.572787
-23.174060,-36.330179,8.000000,1.574237
-23.160257,-36.342223,8.000000,1.576260
-23.141891,-36.358251,8.000000,1.578952
-23.118307,-36.378830,8.000000,1.582409
-23.088855,-36.404530,8.000000,1.586725
-23.052883,-36.435921,8.000000,1.591998
-23.009737,-36.473571,8.000000,1.598322
-22.958769,-36.518045,8.000000,1.605792
-22.899987,-36.568897,8.000000,1.614446
-22.834959,-36.623278,8.000000,1.624180
-22.765480,-36.677990,8.000000,1.634870
-22.693347,-36.729837,8.000000,1.646394
-22.620353,-36.775622,8.000000,1.658628
-22.548295,-36.812147,8.000000,1.671448
-22.478967,-36.836215,8.000000,1.684732
-22.414166,-36.844629,8.000000,1.698355
-22.355685,-36.834193,8.000000,1.712195
-22.305320,-36.801708,8.000000,1.726129
-22.264867,-36.743978,8.000000,1.740032
-22.236120,-36.657806,8.000000,1.753781
-22.220832,-36.540073,8.000000,1.767253
-22.218522,-36.391650,8.000000,1.780293
-22.225458,-36.219228,8.000000,1.792705
-22.237650,-36.029956,8.000000,1.804288
-22.251109,-35.830984,8.000000,1.814842
-22.261846,-35.629461,8.000000,1.824165
-22.265872,-35.432536,8.000000,1.832056
-22.259196,-35.247359,8.000000,1.838317
-22.237830,-35.081079,8.000000,1.842745
-22.197785,-34.940846,8.000000,1.845140
-22.135070,-34.833809,8.000000,1.845302
-22.045696,-34.767118,8.000000,1.843029
-21.925675,-34.747921,8.000000,1.838122
-21.771335,-34.782935,8.000000,1.830390
-21.585259,-34.870370,8.000000,1.819865
-21.375744,-35.000661,8.000000,1.806774
-21.151297,-35.163960,8.000000,1.791356
-20.920425,-35.350417,8.000000,1.773848
-20.691635,-35.550183,8.000000,1.754488
-20.473434,-35.753410,8.000000,1.733511
-20.274327,-35.950248,8.000000,1.711157
-20.102823,-36.130849,8.000000,1.687661
-19.967428,-36.285363,8.000000,1.663262
-19.876649,-36.403942,8.000000,1.638196
-19.838992,-36.476736,8.000000,1.612702
-19.862964,-36.493896,8.000000,1.587015
-19.955851,-36.446766,8.000000,1.561361
-20.112880,-36.338460,8.000000,1.535849
-20.322407,-36.178797,8.000000,1.510519
-20.572709,-35.977677,8.000000,1.485409
-20.852062,-35.744995,8.000000,1.460562
-21.148743,-35.490652,8.000000,1.436015
-21.451029,-35.224545,8.000000,1.411809
-21.747196,-34.956572,8.000000,1.387984
-22.025521,-34.696631,8.000000,1.364579
-22.274280,-34.454620,8.000000,1.341635
-22.481751,-34.240437,8.000000,1.319190
-22.636209,-34.063981,8.000000,1.297286
-22.725932,-33.935150,8.000000,1.275961
-22.742042,-33.861693,8.000000,1.255263
-22.691490,-33.839422,8.000000,1.235279
-22.586688,-33.860025,8.000000,1.216109
-22.440058,-33.915186,8.000000,1.197854
-22.264018,-33.996587,8.000000,1.180615
-22.070989,-34.095914,8.000000,1.164493
-21.873389,-34.204850,8.000000,1.149587
-21.683640,-34.315078,8.000000,1.135999
-21.514161,-34.418282,8.000000,1.123831
-21.377371,-34.506146,8.000000,1.113181
-21.285690,-34.570354,8.000000,1.104151
-21.251539,-34.602589,8.000000,1.096843
-21.287335,-34.594536,8.000000,1.091355
-21.400067,-34.541149,8.000000,1.087732
-21.579067,-34.448012,8.000000,1.085824
-21.810084,-34.322870,8.000000,1.085445
-22.078865,-34.173464,8.000000,1.086408
-22.371159,-34.007537,8.000000,1.088526
-22.672713,-33.832833,8.000000,1.091613
-22.969276,-33.657095,8.000000,1.095482
-23.246596,-33.488065,8.000000,1.099947
-23.490421,-33.333487,8.000000,1.104820
-23.686499,-33.201102,8.000000,1.109915
-23.820579,-33.098656,8.000000,1.115045
-23.878407,-33.033889,8.000000,1.120024
-23.845802,-33.014510,8.000000,1.124665
-23.717111,-33.043830,8.000000,1.128890
-23.503363,-33.116564,8.000000,1.132826
-23.217520,-33.226433,8.000000,1.136628
-22.872543,-33.367156,8.000000,1.140447
-22.481395,-33.532453,8.000000,1.144436
-22.057037,-33.716042,8.000000,1.148749
-21.612431,-33.911645,8.000000,1.153539
-21.160538,-34.112979,8.000000,1.158957
-20.714320,-34.313766,8.000000,1.165157
-20.286738,-34.507725,8.000000,1.172293
-19.890755,-34.688576,8.000000,1.180515
-19.539332,-34.850037,8.000000,1.189979
-19.245184,-34.985919,8.000000,1.200832
-19.012722,-35.093044,8.000000,1.213126
-18.836279,-35.171891,8.000000,1.226788
-18.709580,-35.223163,8.000000,1.241739
-18.626351,-35.247559,8.000000,1.257899
-18.580316,-35.245779,8.000000,1.275190
-18.565202,-35.218526,8.000000,1.293532
-18.574734,-35.166498,8.000000,1.312845
-18.602636,-35.090398,8.000000,1.333050
-18.642634,-34.990925,8.000000,1.354069
-18.688454,-34.868780,8.000000,1.375821
-18.733820,-34.724663,8.000000,1.398228
-18.772458,-34.559276,8.000000,1.421210
-18.798462,-34.373567,8.000000,1.444682
-18.811347,-34.172131,8.000000,1.468467
-18.814763,-33.962344,8.000000,1.492320
-18.812461,-33.751650,8.000000,1.515992
-18.808193,-33.547494,8.000000,1.539236
-18.805711,-33.357322,8.000000,1.561804
-18.808767,-33.188578,8.000000,1.583449
-18.821113,-33.048707,8.000000,1.603924
-18.846500,-32.945153,8.000000,1.622979
-18.888681,-32.885362,8.000000,1.640369
-18.951408,-32.876779,8.000000,1.655845
-19.038433,-32.926847,8.000000,1.669159
-19.153507,-33.043013,8.000000,1.680064
-19.299634,-33.231085,8.000000,1.688364
-19.473959,-33.484067,8.000000,1.694267
-19.670867,-33.788927,8.000000,1.698172
-19.884728,-34.132602,8.000000,1.700478
-20.109911,-34.502025,8.000000,1.701585
-20.340784,-34.884133,8.000000,1.701893
-20.571717,-35.265859,8.000000,1.701801
-20.797078,-35.634138,8.000000,1.701710
-21.011238,-35.975907,8.000000,1.702019
-21.208564,-36.278098,8.000000,1.703127
-21.383426,-36.527648,8.000000,1.705435
-21.530194,-36.711491,8.000000,1.709342
-21.643235,-36.816562,8.000000,1.715248
-21.718409,-36.833629,8.000000,1.723467
-21.758279,-36.770730,8.000000,1.733934
-21.767299,-36.640764,8.000000,1.746475
-21.749921,-36.456628,8.000000,1.760917
-21.710598,-36.231223,8.000000,1.777085
-21.653782,-35.977447,8.000000,1.794807
-21.583928,-35.708199,8.000000,1.813908
-21.505486,-35.436378,8.000000,1.834215
-21.422911,-35.174882,8.000000,1.855554
-21.340655,-34.936612,8.000000,1.877752
-21.263170,-34.734465,8.000000,1.900635
-21.194910,-34.581340,8.000000,1.924030
-21.140325,-34.490126,8.000000,1.947763
-21.102905,-34.467925,8.000000,1.971673
-21.083583,-34.506465,8.000000,1.995633
-21.082873,-34.594952,8.000000,2.019522
-21.101290,-34.722590,8.000000,2.043218
-21.139347,-34.878587,8.000000,2.066601
-21.197560,-35.052146,8.000000,2.089548
-21.276441,-35.232473,8.000000,2.111938
-21.376505,-35.408773,8.000000,2.133650
-21.498267,-35.570252,8.000000,2.154563
-21.642240,-35.706116,8.000000,2.174555
-21.808939,-35.805569,8.000000,2.193504
-21.998877,-35.857816,8.000000,2.211290
-22.212532,-35.852187,8.000000,2.227792
-22.447895,-35.786344,8.000000,2.242955
-22.698924,-35.671451,8.000000,2.256830
-22.959214,-35.519906,8.000000,2.269479
-23.222355,-35.344107,8.000000,2.280963
-23.481940,-35.156451,8.000000,2.291343
-23.731561,-34.969334,8.000000,2.300681
-23.964811,-34.795155,8.000000,2.309036
-24.175282,-34.646310,8.000000,2.316471
-24.356566,-34.535198,8.000000,2.323046
-24.502256,-34.474214,8.000000,2.328824
-24.605943,-34.475758,8.000000,2.333864
-24.661220,-34.552225,8.000000,2.338228
-24.661916,-34.715483,8.000000,2.341977
-24.607402,-34.964901,8.000000,2.345164
-24.502669,-35.287193,8.000000,2.347835
-24.352958,-35.668506,8.000000,2.350036
-24.163508,-36.094989,8.000000,2.351812
-23.939561,-36.552790,8.000000,2.353209
-23.686356,-37.028060,8.000000,2.354272
-23.409134,-37.506945,8.000000,2.355047
-23.113134,-37.975595,8.000000,2.355580
-22.803598,-38.420158,8.000000,2.355915
-22.485765,-38.826784,8.000000,2.356099
-22.164876,-39.181620,8.000000,2.356177
-21.846171,-39.470815,8.000000,2.356194
-21.534874,-39.681517,8.000000,2.356194
-21.236021,-39.812207,8.000000,2.356194
-20.954527,-39.868553,8.000000,2.356194
-20.695310,-39.856336,8.000000,2.356194
-20.463282,-39.781337,8.000000,2.356194
-20.263360,-39.649337,8.000000,2.356194
-20.100457,-39.466118,8.000000,2.356194
-19.979490,-39.237459,8.000000,2.356194
-19.905372,-38.969144,8.000000,2.356194
-19.883019,-38.666952,8.000000,2.356194
-19.917346,-38.336665,8.000000,2.356194
-20.013267,-37.984064,8.000000,2.356194
-20.175697,-37.614930,8.000000,2.356194
-20.407880,-37.235020,8.000000,2.356182
-20.702556,-36.849945,8.000000,2.356061
-21.048399,-36.465256,8.000000,2.355708
-21.434071,-36.086505,8.000000,2.354996
-21.848239,-35.719243,8.000000,2.353800
-22.279565,-35.369023,8.000000,2.351993
-22.716715,-35.041396,8.000000,2.349450
-23.148351,-34.741914,8.000000,2.346045
-23.563140,-34.476130,8.000000,2.341652
-23.949744,-34.249594,8.000000,2.336146
-24.296829,-34.067859,8.000000,2.329400
-24.593057,-33.936476,8.000000,2.321289
-24.827094,-33.860997,8.000000,2.311686
-24.991133,-33.844579,8.000000,2.300508
-25.090275,-33.881610,8.000000,2.287819
-25.132578,-33.964475,8.000000,2.273720
-25.126098,-34.085557,8.000000,2.258309
-25.078888,-34.237242,8.000000,2.241686
-24.999007,-34.411914,8.000000,2.223952
-24.894508,-34.601957,8.000000,2.205206
-24.773449,-34.799755,8.000000,2.185547
-24.643885,-34.997693,8.000000,2.165075
-24.513871,-35.188156,8.000000,2.143891
-24.391464,-35.363526,8.000000,2.122092
-24.284718,-35.516189,8.000000,2.099780
-24.201669,-35.638549,8.000000,2.077054
-24.146127,-35.726674,8.000000,2.054044
-24.112687,-35.784631,8.000000,2.030945
-24.094732,-35.817544,8.000000,2.007961
-24.085642,-35.830535,8.000000,1.985296
-24.078797,-35.828727,8.000000,1.963153
-24.067578,-35.817242,8.000000,1.941737
-24.045367,-35.801204,8.000000,1.921252
-24.005543,-35.785735,8.000000,1.901901
-23.941487,-35.775958,8.000000,1.883889
-23.846582,-35.776995,8.000000,1.867418
-23.714206,-35.793969,8.000000,1.852694
-23.537741,-35.832003,8.000000,1.839920
-23.310740,-35.896132,8.000000,1.829296
-23.034047,-35.987684,8.000000,1.820890
-22.718329,-36.102992,8.000000,1.814588
-22.374944,-36.238036,8.000000,1.810263
-22.015253,-36.388798,8.000000,1.807790
-21.650615,-36.551257,8.000000,1.807041
-21.292390,-36.721395,8.000000,1.807891
-20.951937,-36.895192,8.000000,1.810213
-20.640616,-37.068630,8.000000,1.813881
-20.369786,-37.237687,8.000000,1.818768
-20.150808,-37.398346,8.000000,1.824748
-19.995041,-37.546588,8.000000,1.831695
-19.913843,-37.678391,8.000000,1.839482
-19.917980,-37.789905,8.000000,1.847978
-20.007908,-37.880162,8.000000,1.856968
-20.175369,-37.950634,8.000000,1.866163
-20.411833,-38.002870,8.000000,1.875274
-20.708771,-38.038418,8.000000,1.884011
-21.057650,-38.058827,8.000000,1.892084
-21.449942,-38.065646,8.000000,1.899204
-21.877115,-38.060424,8.000000,1.905081
-22.330638,-38.044708,8.000000,1.909424
-22.801982,-38.020049,8.000000,1.911945
-23.282615,-37.987995,8.000000,1.912354
-23.764007,-37.950093,8.000000,1.910360
-24.237628,-37.907894,8.000000,1.905674
-24.695107,-37.862842,8.000000,1.898046
-25.129504,-37.815458,8.000000,1.887571
-25.534631,-37.765778,8.000000,1.874529
-25.904305,-37.713833,8.000000,1.859200
-26.232344,-37.659654,8.000000,1.841866
-26.512567,-37.603271,8.000000,1.822807
-26.738790,-37.544718,8.000000,1.802304
-26.904833,-37.484023,8.000000,1.780638
-27.004513,-37.421219,8.000000,1.758090
-27.031647,-37.356337,8.000000,1.734940
-26.980055,-37.289408,8.000000,1.711469
-26.843553,-37.220463,8.000000,1.687957
-26.615961,-37.149533,8.000000,1.664687
-26.294385,-37.076585,8.000000,1.641933
-25.892637,-37.001257,8.000000,1.619947
-25.429818,-36.923085,8.000000,1.598973
-24.925029,-36.841603,8.000000,1.579256
-24.397372,-36.756347,8.000000,1.561037
-23.865951,-36.666851,8.000000,1.544563
-23.349866,-36.572651,8.000000,1.530075
-22.868220,-36.473280,8.000000,1.517819
-22.440116,-36.368275,8.000000,1.508037
-22.084655,-36.257170,8.000000,1.500975
-21.820939,-36.139501,8.000000,1.496874
-21.668070,-36.014801,8.000000,1.495981
-21.645145,-35.882607,8.000000,1.498537
-21.762034,-35.743763,8.000000,1.504646
-22.001120,-35.603011,8.000000,1.513990
-22.339688,-35.465816,8.000000,1.526175
-22.755025,-35.337643,8.000000,1.540804
-23.224415,-35.223957,8.000000,1.557482
-23.725145,-35.130223,8.000000,1.575815
-24.234499,-35.061905,8.000000,1.595406
-24.729764,-35.024468,8.000000,1.615860
-25.188225,-35.023378,8.000000,1.636783
-25.587167,-35.064100,8.000000,1.657778
-25.903877,-35.152097,8.000000,1.678450
-26.115638,-35.292836,8.000000,1.698404
-26.199882,-35.491719,8.000000,1.717246
-26.147497,-35.748271,8.000000,1.734685
-25.973642,-36.051427,8.000000,1.750614
-25.696021,-36.389009,8.000000,1.764949
-25.332334,-36.748840,8.000000,1.777604
-24.900284,-37.118742,8.000000,1.788492
-24.417573,-37.486540,8.000000,1.797528
-23.901904,-37.840056,8.000000,1.804626
-23.370979,-38.167112,8.000000,1.809701
-22.842499,-38.455532,8.000000,1.812666
-22.334167,-38.693138,8.000000,1.813436
-21.863686,-38.867754,8.000000,1.811924
-21.448757,-38.967202,8.000000,1.808046
-21.106652,-38.979675,8.000000,1.801724
-20.842280,-38.903922,8.000000,1.793128
-20.646670,-38.750555,8.000000,1.782708
-20.510112,-38.530815,8.000000,1.770927
-20.422896,-38.255945,8.000000,1.758251
-20.375311,-37.937185,8.000000,1.745143
-20.357646,-37.585777,8.000000,1.732066
-20.360193,-37.212963,8.000000,1.719486
-20.373240,-36.829984,8.000000,1.707866
-20.387078,-36.448083,8.000000,1.697670
-20.391996,-36.078500,8.000000,1.689362
-20.378285,-35.732478,8.000000,1.683407
-20.336233,-35.421257,8.000000,1.680268
-20.257003,-35.155532,8.000000,1.680375
-20.143211,-34.938808,8.000000,1.683719
-20.005541,-34.769525,8.000000,1.689978
-19.854846,-34.646016,8.000000,1.698825
-19.701980,-34.566617,8.000000,1.709933
-19.557794,-34.529662,8.000000,1.722973
-19.433142,-34.533484,8.000000,1.737620
-19.338876,-34.576420,8.000000,1.753544
-19.285849,-34.656802,8.000000,1.770419
-19.284915,-34.772966,8.000000,1.787917
-19.346925,-34.923245,8.000000,1.805712
-19.482733,-35.105975,8.000000,1.823474
-19.703191,-35.319489,8.000000,1.840877
-20.016783,-35.561848,8.000000,1.857626
-20.415131,-35.829160,8.000000,1.873651
-20.882547,-36.116689,8.000000,1.888982
-21.403317,-36.419694,8.000000,1.903650
-21.961723,-36.733435,8.000000,1.917682
-22.542050,-37.053172,8.000000,1.931111
-23.128581,-37.374163,8.000000,1.943964
-23.705601,-37.691669,8.000000,1.956273
-24.257393,-38.000949,8.000000,1.968067
-24.768240,-38.297263,8.000000,1.979377
-25.222428,-38.575870,8.000000,1.990231
-25.604239,-38.832031,8.000000,2.000660
-25.897958,-39.061004,8.000000,2.010693
-26.092597,-39.258596,8.000000,2.020358
-26.196656,-39.422873,8.000000,2.029666
-26.223653,-39.552477,8.000000,2.038628
-26.187106,-39.646055,8.000000,2.047252
-26.100533,-39.702249,8.000000,2.055548
-25.977453,-39.719706,8.000000,2.063525
-25.831382,-39.697070,8.000000,2.071192
-25.675839,-39.632986,8.000000,2.078558
-25.524342,-39.526098,8.000000,2.085633
-25.390409,-39.375051,8.000000,2.092425
-25.287558,-39.178489,8.000000,2.098945
-25.229308,-38.935058,8.000000,2.105201
-25.229155,-38.643408,8.000000,2.111202
-25.293955,-38.304399,8.000000,2.116935
-25.414354,-37.924272,8.000000,2.122330
-25.578574,-37.510074,8.000000,2.127308
-25.774834,-37.068855,8.000000,2.131792
-25.991356,-36.607662,8.000000,2.135703
-26.216362,-36.133542,8.000000,2.138963
-26.438071,-35.653545,8.000000,2.141495
-26.644706,-35.174717,8.000000,2.143218
-26.824486,-34.704107,8.000000,2.144056
-26.965633,-34.248764,8.000000,2.143931
-27.056368,-33.815733,8.000000,2.142763
-27.084912,-33.412065,8.000000,2.140476
-27.039645,-33.044770,8.000000,2.136992
-26.917681,-32.718885,8.000000,2.132341
-26.729204,-32.436494,8.000000,2.126715
-26.485465,-32.199435,8.000000,2.120316
-26.197719,-32.009549,8.000000,2.113347
-25.877220,-31.868675,8.000000,2.106010
-25.535220,-31.778654,8.000000,2.098510
-25.182973,-31.741325,8.000000,2.091049
-24.831733,-31.758529,8.000000,2.083829
-24.492753,-31.832105,8.000000,2.077055
-24.177286,-31.963893,8.000000,2.070929
-23.896587,-32.155733,8.000000,2.065654
-23.661908,-32.409466,8.000000,2.061432
-23.484032,-32.726566,8.000000,2.058463
-23.364080,-33.101030,8.000000,2.056828
-23.294110,-33.519842,8.000000,2.056504
-23.265833,-33.969717,8.000000,2.057464
-23.270961,-34.437367,8.000000,2.059679
-23.301203,-34.909507,8.000000,2.063121
-23.348270,-35.372850,8.000000,2.067763
-23.403873,-35.814110,8.000000,2.073577
-23.459722,-36.220002,8.000000,2.080535
-23.507529,-36.577238,8.000000,2.088609
-23.539002,-36.872533,8.000000,2.097771
-23.545854,-37.092601,8.000000,2.107993
-23.519794,-37.224154,8.000000,2.119248
-23.453418,-37.255315,8.000000,2.131490
-23.348348,-37.188574,8.000000,2.144503
-23.211494,-37.034837,8.000000,2.157966
-23.049832,-36.805114,8.000000,2.171561
-22.870336,-36.510413,8.000000,2.184967
-22.679982,-36.161746,8.000000,2.197863
-22.485745,-35.770123,8.000000,2.209931
-22.294601,-35.346553,8.000000,2.220849
-22.113525,-34.902047,8.000000,2.230298
-21.949492,-34.447614,8.000000,2.237957
-21.809478,-33.994265,8.000000,2.243507
-21.700458,-33.553009,8.000000,2.246627
-21.629408,-33.134857,8.000000,2.246997
-21.601618,-32.749656,8.000000,2.244373
-21.612729,-32.400593,8.000000,2.238949
-21.654949,-32.088489,8.000000,2.231075
-21.720484,-31.814160,8.000000,2.221097
-21.801538,-31.578422,8.000000,2.209367
-21.890317,-31.382093,8.000000,2.196233
-21.979025,-31.225989,8.000000,2.182044
-22.059866,-31.110927,8.000000,2.167149
-22.125047,-31.037724,8.000000,2.151897
-22.166772,-31.007195,8.000000,2.136637
-22.177246,-31.020159,8.000000,2.121719
-22.148674,-31.077432,8.000000,2.107491
-22.073261,-31.179830,8.000000,2.094303
-21.946137,-31.326853,8.000000,2.082417
-21.772232,-31.513588,8.000000,2.071807
-21.558520,-31.734201,8.000000,2.062390
-21.311980,-31.982857,8.000000,2.054077
-21.039586,-32.253722,8.000000,2.046785
-20.748317,-32.540960,8.000000,2.040426
-20.445149,-32.838738,8.000000,2.034915
-20.137057,-33.141219,8.000000,2.030167
-19.831019,-33.442571,8.000000,2.026095
-19.534011,-33.736958,8.000000,2.022614
-19.253010,-34.018545,8.000000,2.019638
-18.994993,-34.281498,8.000000,2.017082
-18.766920,-34.520003,8.000000,2.014859
-18.573666,-34.731038,8.000000,2.012910
-18.415911,-34.917197,8.000000,2.011227
-18.293832,-35.081745,8.000000,2.009809
-18.207609,-35.227948,8.000000,2.008655
-18.157418,-35.359070,8.000000,2.007762
-18.143437,-35.478377,8.000000,2.007130
-18.165845,-35.589133,8.000000,2.006756
-18.224820,-35.694604,8.000000,2.006640
-18.320539,-35.798056,8.000000,2.006779
-18.453180,-35.902753,8.000000,2.007173
-18.622921,-36.011960,8.000000,2.007819
-18.829940,-36.128943,8.000000,2.008717
-19.074349,-36.256877,8.000000,2.009864
-19.353905,-36.395746,8.000000,2.011253
-19.663435,-36.541559,8.000000,2.012868
-19.997581,-36.690074,8.000000,2.014693
-20.350984,-36.837051,8.000000,2.016711
-20.718285,-36.978249,8.000000,2.018907
-21.094128,-37.109426,8.000000,2.021264
-21.473153,-37.226343,8.000000,2.023767
-21.850003,-37.324756,8.000000,2.026398
-22.219318,-37.400427,8.000000,2.029143
-22.575742,-37.449114,8.000000,2.031984
-22.913916,-37.466575,8.000000,2.034905
-23.228482,-37.448570,8.000000,2.037891
-23.514307,-37.391188,8.000000,2.040922
-23.769731,-37.295582,8.000000,2.043930
-23.995802,-37.166865,8.000000,2.046809
-24.193646,-37.010254,8.000000,2.049450
-24.364384,-36.830967,8.000000,2.051747
-24.509139,-36.634221,8.000000,2.053592
-24.629035,-36.425234,8.000000,2.054878
-24.725195,-36.209223,8.000000,2.055498
-24.798741,-35.991406,8.000000,2.055344
-24.850797,-35.777002,8.000000,2.054308
-24.882485,-35.571226,8.000000,2.052284
-24.894929,-35.379298,8.000000,2.049163
-24.889251,-35.206434,8.000000,2.044839
-24.866477,-35.057495,8.000000,2.039234
-24.826836,-34.934442,8.000000,2.032513
-24.770172,-34.837836,8.000000,2.024957
-24.696329,-34.768228,8.000000,2.016848
-24.605147,-34.726170,8.000000,2.008470
-24.496470,-34.712211,8.000000,2.000104
-24.370139,-34.726903,8.000000,1.992034
-24.225998,-34.770798,8.000000,1.984541
-24.063887,-34.844445,8.000000,1.977908
-23.883649,-34.948397,8.000000,1.972418
-23.685128,-35.083204,8.000000,1.968353
-23.468163,-35.249417,8.000000,1.965995
-23.232599,-35.447587,8.000000,1.965627
-22.978706,-35.677276,8.000000,1.967470
-22.708745,-35.933462,8.000000,1.971454
-22.425556,-36.209790,8.000000,1.977429
-22.131977,-36.499906,8.000000,1.985242
-21.830847,-36.797457,8.000000,1.994743
-21.525005,-37.096088,8.000000,2.005778
-21.217290,-37.389446,8.000000,2.018196
-20.910541,-37.671176,8.000000,2.031845
-20.607595,-37.934925,8.000000,2.046574
-20.311293,-38.174339,8.000000,2.062231
-20.024473,-38.383063,8.000000,2.078664
-19.749974,-38.554745,8.000000,2.095721
-19.490634,-38.683034,8.000000,2.113250
-19.248704,-38.764334,8.000000,2.131100
-19.024832,-38.802577,8.000000,2.149125
-18.819397,-38.802966,8.000000,2.167176
-18.632774,-38.770709,8.000000,2.185106
-18.465341,-38.711009,8.000000,2.202768
-18.317474,-38.629072,8.000000,2.220015
-18.189552,-38.530104,8.000000,2.236700
-18.081951,-38.419308,8.000000,2.252674
-17.995047,-38.301892,8.000000,2.267791
-17.929219,-38.183059,8.000000,2.281904
-17.884843,-38.068015,8.000000,2.294866
-17.862296,-37.961965,8.000000,2.306528
-17.861949,-37.870096,8.000000,2.316746
-17.883694,-37.796212,8.000000,2.325467
-17.926627,-37.741822,8.000000,2.332797
-17.989769,-37.708216,8.000000,2.338858
-18.072142,-37.696684,8.000000,2.343770
-18.172767,-37.708517,8.000000,2.347653
-18.290665,-37.745005,8.000000,2.350629
-18.424857,-37.807439,8.000000,2.352819
-18.574364,-37.897108,8.000000,2.354342
-18.738208,-38.015304,8.000000,2.355321
-18.915410,-38.163317,8.000000,2.355874
-19.104990,-38.342438,8.000000,2.356125
-19.305971,-38.553956,8.000000,2.356192
-19.517301,-38.798975,8.000000,2.356194
-19.736165,-39.073971,8.000000,2.356194
-19.957908,-39.370613,8.000000,2.356194
-20.177793,-39.680345,8.000000,2.356194
-20.391081,-39.994609,8.000000,2.356194
-20.593034,-40.304851,8.000000,2.356194
-20.778912,-40.602514,8.000000,2.356194
-20.943979,-40.879041,8.000000,2.356194
-21.083495,-41.125877,8.000000,2.356194
-21.192722,-41.334466,8.000000,2.356194
-21.266922,-41.496252,8.000000,2.356194
-21.301355,-41.602677,8.000000,2.356194
-21.291285,-41.645187,8.000000,2.356194
-21.232649,-41.615995,8.000000,2.356194
-21.129360,-41.516373,8.000000,2.356194
-20.990520,-41.353491,8.000000,2.356194
-20.825319,-41.134616,8.000000,2.356194
-20.642947,-40.867019,8.000000,2.356194
-20.452595,-40.557968,8.000000,2.356194
-20.263452,-40.214733,8.000000,2.356194
-20.084710,-39.844582,8.000000,2.356194
-19.925558,-39.454785,8.000000,2.356194
-19.795186,-39.052611,8.000000,2.356194
-19.702785,-38.645329,8.000000,2.356194
-19.657545,-38.240207,8.000000,2.356194
-19.668656,-37.844516,8.000000,2.356194
-19.743246,-37.465095,8.000000,2.356183
-19.875074,-37.105999,8.000000,2.356078
-20.052577,-36.770177,8.000000,2.355766
-20.264176,-36.460573,8.000000,2.355136
-20.498292,-36.180130,8.000000,2.354076
-20.743346,-35.931795,8.000000,2.352474
-20.987760,-35.718510,8.000000,2.350217
-21.219955,-35.543221,8.000000,2.347194
-21.428353,-35.408872,8.000000,2.343294
-21.601375,-35.318407,8.000000,2.338402
-21.727442,-35.274772,8.000000,2.332409
-21.794976,-35.280910,8.000000,2.325202
-21.792398,-35.339765,8.000000,2.316668
-21.712272,-35.452010,8.000000,2.306762
-21.562775,-35.609747,8.000000,2.295683
-21.355766,-35.803062,8.000000,2.283691
-21.103099,-36.022040,8.000000,2.271044
-20.816631,-36.256765,8.000000,2.258000
-20.508220,-36.497322,8.000000,2.244818
-20.189720,-36.733797,8.000000,2.231757
-19.872990,-36.956275,8.000000,2.219074
-19.569884,-37.154839,8.000000,2.207030
-19.292261,-37.319577,8.000000,2.195881
-19.051975,-37.440571,8.000000,2.185887
-18.860885,-37.507908,8.000000,2.177307
-18.730825,-37.511695,8.000000,2.170397
-18.669185,-37.446987,8.000000,2.165254
-18.673377,-37.319939,8.000000,2.161606
-18.739456,-37.138216,8.000000,2.159133
-18.863476,-36.909485,8.000000,2.157515
-19.041492,-36.641412,8.000000,2.156431
-19.269556,-36.341662,8.000000,2.155562
-19.543724,-36.017901,8.000000,2.154586
-19.860049,-35.677797,8.000000,2.153184
-20.214586,-35.329014,8.000000,2.151035
-20.603388,-34.979218,8.000000,2.147819
-21.022511,-34.636076,8.000000,2.143215
-21.468007,-34.307253,8.000000,2.136904
-21.935887,-34.000346,8.000000,2.128570
-22.420100,-33.719789,8.000000,2.118166
-22.911756,-33.465649,8.000000,2.106011
-23.401755,-33.237669,8.000000,2.092451
-23.880995,-33.035596,8.000000,2.077834
-24.340375,-32.859174,8.000000,2.062506
-24.770797,-32.708148,8.000000,2.046813
-25.163158,-32.582262,8.000000,2.031102
-25.508359,-32.481262,8.000000,2.015720
-25.797299,-32.404893,8.000000,2.001013
-26.020878,-32.352900,8.000000,1.987328
-26.169995,-32.325027,8.000000,1.975011
-26.235549,-32.321020,8.000000,1.964410
-26.208981,-32.340627,8.000000,1.955856
-26.091492,-32.383683,8.000000,1.949429
-25.892744,-32.450090,8.000000,1.944985
-25.622685,-32.539758,8.000000,1.942378
-25.291260,-32.652591,8.000000,1.941456
-24.908415,-32.788498,8.000000,1.942072
-24.484094,-32.947386,8.000000,1.944077
-24.028245,-33.129162,8.000000,1.947320
-23.550813,-33.333732,8.000000,1.951655
-23.061744,-33.561005,8.000000,1.956930
-22.570982,-33.810886,8.000000,1.962998
-22.088475,-34.083284,8.000000,1.969709
-21.624167,-34.378105,8.000000,1.976915
-21.187316,-34.694709,8.000000,1.984460
-20.780836,-35.027405,8.000000,1.992135
-20.404210,-35.367777,8.000000,1.999704
-20.056893,-35.707381,8.000000,2.006927
-19.738336,-36.037774,8.000000,2.013568
-19.447992,-36.350511,8.000000,2.019387
-19.185314,-36.637151,8.000000,2.024146
-18.949754,-36.889248,8.000000,2.027608
-18.740764,-37.098360,8.000000,2.029534
-18.557798,-37.256043,8.000000,2.029687
-18.400307,-37.353853,8.000000,2.027828
-18.267744,-37.383348,8.000000,2.023719
-18.159562,-37.336083,8.000000,2.017123
-18.075426,-37.206172,8.000000,2.007864
-18.016112,-37.001111,8.000000,1.996107
-17.982759,-36.732755,8.000000,1.982125
-17.976506,-36.412964,8.000000,1.966189
-17.998492,-36.053596,8.000000,1.948573
-18.049857,-35.666510,8.000000,1.929550
-18.131739,-35.263565,8.000000,1.909393
-18.245278,-34.856621,8.000000,1.888374
-18.391612,-34.457535,8.000000,1.866766
-18.571882,-34.078167,8.000000,1.844843
-18.787224,-33.730375,8.000000,1.822876
-19.038780,-33.426019,8.000000,1.801140
-19.327687,-33.176956,8.000000,1.779906
-19.652809,-32.991292,8.000000,1.759386
-20.006042,-32.865632,8.000000,1.739605
-20.377948,-32.794384,8.000000,1.720549
-20.759087,-32.771954,8.000000,1.702207
-21.140023,-32.792749,8.000000,1.684566
-21.511317,-32.851175,8.000000,1.667614
-21.863530,-32.941638,8.000000,1.651339
-22.187225,-33.058547,8.000000,1.635728
-22.472964,-33.196306,8.000000,1.620771
-22.711309,-33.349323,8.000000,1.606453
-22.892821,-33.512004,8.000000,1.592763
-23.008062,-33.678756,8.000000,1.579689
-23.047665,-33.843994,8.000000,1.567219
-23.009479,-34.002928,8.000000,1.555357
-22.904718,-34.152244,8.000000,1.544139
-22.746047,-34.288791,8.000000,1.533602
-22.546130,-34.409413,8.000000,1.523786
-22.317631,-34.510957,8.000000,1.514729
-22.073215,-34.590270,8.000000,1.506469
-21.825545,-34.644199,8.000000,1.499044
-21.587286,-34.669589,8.000000,1.492494
-21.371101,-34.663287,8.000000,1.486857
-21.189655,-34.622140,8.000000,1.482172
-21.055612,-34.542993,8.000000,1.478476
-20.981636,-34.422695,8.000000,1.475808
-20.980019,-34.258306,8.000000,1.474205
-21.051853,-34.053387,8.000000,1.473632
-21.185311,-33.818990,8.000000,1.473977
-21.367853,-33.566583,8.000000,1.475119
-21.586939,-33.307633,8.000000,1.476941
-21.830029,-33.053609,8.000000,1.479324
-22.084581,-32.815976,8.000000,1.482149
-22.338056,-32.606203,8.000000,1.485298
-22.577912,-32.435757,8.000000,1.488652
-22.791609,-32.316107,8.000000,1.492093
-22.966607,-32.258718,8.000000,1.495502
-23.090364,-32.275059,8.000000,1.498760
-23.150341,-32.376598,8.000000,1.501750
-23.135003,-32.573784,8.000000,1.504358
-23.046538,-32.863205,8.000000,1.506557
-22.897056,-33.231419,8.000000,1.508383
-22.698888,-33.664763,8.000000,1.509873
-22.464366,-34.149575,8.000000,1.511062
-22.205821,-34.672192,8.000000,1.511987
-21.935583,-35.218950,8.000000,1.512684
-21.665984,-35.776187,8.000000,1.513189
-21.409354,-36.330239,8.000000,1.513540
-21.178026,-36.867443,8.000000,1.513772
-20.984329,-37.374136,8.000000,1.513922
-20.840596,-37.836656,8.000000,1.514026
-20.759157,-38.241339,8.000000,1.514120
-20.750510,-38.576235,8.000000,1.514240
-20.811702,-38.841980,8.000000,1.514412
-20.933781,-39.044816,8.000000,1.514658
-21.107766,-39.191012,8.000000,1.515001
-21.324678,-39.286839,8.000000,1.515464
-21.575539,-39.338566,8.000000,1.516068
-21.851369,-39.352460,8.000000,1.516836
-22.143187,-39.334793,8.000000,1.517790
-22.442016,-39.291833,8.000000,1.518953
-22.738875,-39.229849,8.000000,1.520348
-23.024786,-39.155110,8.000000,1.521996
-23.290768,-39.073886,8.000000,1.523920
-23.527842,-38.992447,8.000000,1.526143
-23.728697,-38.916044,8.000000,1.528683
-23.893103,-38.845615,8.000000,1.531549
-24.022708,-38.780953,8.000000,1.534745
-24.119160,-38.721850,8.000000,1.538274
-24.184107,-38.668099,8.000000,1.542141
-24.219198,-38.619492,8.000000,1.546350
-24.226080,-38.575822,8.000000,1.550905
-24.206402,-38.536881,8.000000,1.555811
-24.161813,-38.502463,8.000000,1.561071
-24.093959,-38.472359,8.000000,1.566689
-24.004490,-38.446362,8.000000,1.572671
-23.895054,-38.424265,8.000000,1.579020
-23.767300,-38.405861,8.000000,1.585739
-23.623470,-38.391444,8.000000,1.592780
-23.467291,-38.382559,8.000000,1.599957
-23.302717,-38.380946,8.000000,1.607065
-23.133704,-38.388344,8.000000,1.613897
-22.964209,-38.406492,8.000000,1.620249
-22.798186,-38.437130,8.000000,1.625914
-22.639592,-38.481997,8.000000,1.630686
-22.492381,-38.542831,8.000000,1.634361
-22.360510,-38.621374,8.000000,1.636731
-22.247934,-38.719362,8.000000,1.637592
-22.158609,-38.838537,8.000000,1.636737
-22.096490,-38.980637,8.000000,1.633961
-22.065481,-39.147334,8.000000,1.629063
-22.066451,-39.336364,8.000000,1.622085
-22.095607,-39.539417,8.000000,1.613449
-22.148758,-39.747666,8.000000,1.603609
-22.221714,-39.952286,8.000000,1.593016
-22.310286,-40.144453,8.000000,1.582123
-22.410284,-40.315340,8.000000,1.571384
-22.517517,-40.456123,8.000000,1.561251
-22.627796,-40.557976,8.000000,1.552177
-22.736931,-40.612073,8.000000,1.544616
-22.840731,-40.609590,8.000000,1.539019
-22.935006,-40.541701,8.000000,1.535841
-23.015568,-40.399581,8.000000,1.535533
-23.078347,-40.174888,8.000000,1.538525
-23.121881,-39.869660,8.000000,1.544749
-23.147217,-39.495921,8.000000,1.553657
-23.155504,-39.066101,8.000000,1.564681
-23.147888,-38.592628,8.000000,1.577255
-23.125519,-38.087930,8.000000,1.590810
-23.089544,-37.564437,8.000000,1.604780
-23.041112,-37.034577,8.000000,1.618596
-22.981370,-36.510778,8.000000,1.631693
-22.911467,-36.005470,8.000000,1.643501
-22.832550,-35.531081,8.000000,1.653455
-22.745767,-35.100039,8.000000,1.660986
-22.652268,-34.724775,8.000000,1.665527
-22.553225,-34.416740,8.000000,1.666571
-22.450085,-34.177070,8.000000,1.664242
-22.344461,-34.000700,8.000000,1.659042
-22.237966,-33.882478,8.000000,1.651480
-22.132214,-33.817253,8.000000,1.642065
-22.028818,-33.799875,8.000000,1.631306
-21.929393,-33.825192,8.000000,1.619710
-21.835552,-33.888053,8.000000,1.607788
-21.748908,-33.983308,8.000000,1.596046
-21.671076,-34.105806,8.000000,1.584994
-21.603670,-34.250396,8.000000,1.575140
-21.548302,-34.411927,8.000000,1.566993
-21.506588,-34.585248,8.000000,1.561062
-21.480043,-34.765762,8.000000,1.557774
-21.469614,-34.952152,8.000000,1.557081
-21.476036,-35.144294,8.000000,1.558763
-21.500047,-35.342072,8.000000,1.562596
-21.542381,-35.545367,8.000000,1.568358
-21.603777,-35.754059,8.000000,1.575828
-21.684969,-35.968029,8.000000,1.584783
-21.786693,-36.187160,8.000000,1.595002
-21.909687,-36.411332,8.000000,1.606261
-22.054685,-36.640426,8.000000,1.618340
-22.222426,-36.874325,8.000000,1.631015
-22.413643,-37.112908,8.000000,1.644066
-22.629074,-37.356057,8.000000,1.657269
-22.868619,-37.602575,8.000000,1.670402
-23.129293,-37.847547,8.000000,1.683240
-23.407492,-38.085257,8.000000,1.695559
-23.699610,-38.309987,8.000000,1.707135
-24.002042,-38.516021,8.000000,1.717741
-24.311184,-38.697643,8.000000,1.727154
-24.623429,-38.849136,8.000000,1.735148
-24.935172,-38.964784,8.000000,1.741499
-25.242809,-39.038870,8.000000,1.745981
-25.542734,-39.065678,8.000000,1.748371
-25.831341,-39.039491,8.000000,1.748443
-26.105027,-38.954592,8.000000,1.745972
-26.360186,-38.805302,8.000000,1.740735
-26.593338,-38.591468,8.000000,1.732708
-26.801261,-38.324357,8.000000,1.722276
-26.980765,-38.016646,8.000000,1.709876
-27.128659,-37.681014,8.000000,1.695947
-27.241751,-37.330139,8.000000,1.680925
-27.316852,-36.976700,8.000000,1.665248
-27.350771,-36.633373,8.000000,1.649352
-27.340317,-36.312838,8.000000,1.633675
-27.282300,-36.027772,8.000000,1.618653
-27.173529,-35.790854,8.000000,1.604725
-27.010812,-35.614762,8.000000,1.592327
-26.790961,-35.512174,8.000000,1.581896
-26.510937,-35.495456,8.000000,1.573862
-26.173499,-35.565246,8.000000,1.568318
-25.788813,-35.707185,8.000000,1.564932
-25.367529,-35.905936,8.000000,1.563347
-24.920298,-36.146160,8.000000,1.563201
-24.457768,-36.412519,8.000000,1.564135
-23.990591,-36.689676,8.000000,1.565790
-23.529416,-36.962293,8.000000,1.567806
-23.084894,-37.215031,8.000000,1.569824
-22.667674,-37.432552,8.000000,1.571485
-22.288408,-37.599520,8.000000,1.572428
-21.957744,-37.700594,8.000000,1.572294
-21.686333,-37.720439,8.000000,1.570724
-21.484234,-37.644717,8.000000,1.567379
-21.352076,-37.475068,8.000000,1.562261
-21.282920,-37.225950,8.000000,1.555645
-21.269615,-36.912185,8.000000,1.547811
-21.305009,-36.548594,8.000000,1.539042
-21.381950,-36.149997,8.000000,1.529620
-21.493287,-35.731214,8.000000,1.519826
-21.631867,-35.307067,8.000000,1.509943
-21.790539,-34.892376,8.000000,1.500252
-21.962152,-34.501962,8.000000,1.491035
-22.139553,-34.150646,8.000000,1.482574
-22.315591,-33.853249,8.000000,1.475151
-22.483114,-33.624590,8.000000,1.469048
-22.635372,-33.477579,8.000000,1.464510
-22.768963,-33.409145,8.000000,1.461477
-22.882155,-33.408267,8.000000,1.459739
-22.973224,-33.463866,8.000000,1.459084
-23.040452,-33.564861,8.000000,1.459299
-23.082114,-33.700175,8.000000,1.460173
-23.096491,-33.858728,8.000000,1.461494
-23.081861,-34.029441,8.000000,1.463049
-23.036502,-34.201234,8.000000,1.464627
-22.958693,-34.363028,8.000000,1.466014
-22.846712,-34.503744,8.000000,1.467001
-22.698838,-34.612303,8.000000,1.467373
-22.513350,-34.677625,8.000000,1.466920
-22.290261,-34.691085,8.000000,1.465464
-22.037886,-34.655790,8.000000,1.463001
-21.767018,-34.578350,8.000000,1.459574
-21.488449,-34.465376,8.000000,1.455230
-21.212973,-34.323479,8.000000,1.450013
-20.951382,-34.159270,8.000000,1.443968
-20.714469,-33.979359,8.000000,1.437141
-20.513028,-33.790358,8.000000,1.429576
-20.357851,-33.598878,8.000000,1.421319
-20.259732,-33.411528,8.000000,1.412415
-20.229462,-33.234922,8.000000,1.402909
-20.277836,-33.075668,8.000000,1.392845
-20.415640,-32.940377,8.000000,1.382270
-20.648484,-32.833880,8.000000,1.371229
-20.967414,-32.756016,8.000000,1.359775
-21.360937,-32.705749,8.000000,1.347959
-21.817557,-32.682046,8.000000,1.335834
-22.325780,-32.683872,8.000000,1.323451
-22.874112,-32.710193,8.000000,1.310864
-23.451058,-32.759973,8.000000,1.298124
-24.045124,-32.832180,8.000000,1.285283
-24.644815,-32.925778,8.000000,1.272394
-25.238637,-33.039733,8.000000,1.259509
-25.815095,-33.173010,8.000000,1.246679
-26.362695,-33.324576,8.000000,1.233958
-26.869978,-33.493389,8.000000,1.221397
-27.328334,-33.677963,8.000000,1.209004
-27.734020,-33.876043,8.000000,1.196710
-28.083769,-34.085301,8.000000,1.184442
-28.374314,-34.303408,8.000000,1.172124
-28.602389,-34.528035,8.000000,1.159682
-28.764726,-34.756854,8.000000,1.147040
-28.858058,-34.987537,8.000000,1.134125
-28.879120,-35.217754,8.000000,1.120860
-28.824643,-35.445177,8.000000,1.107172
-28.691362,-35.667478,8.000000,1.092985
-28.476010,-35.882328,8.000000,1.078224
-28.175319,-36.087398,8.000000,1.062816
-27.786399,-36.280404,8.000000,1.046690
-27.316112,-36.460205,8.000000,1.029941
-26.781726,-36.626883,8.000000,1.012837
-26.201010,-36.780575,8.000000,0.995653
-25.591739,-36.921423,8.000000,0.978665
-24.971685,-37.049565,8.000000,0.962148
-24.358620,-37.165141,8.000000,0.946379
-23.770316,-37.268292,8.000000,0.931632
-23.224546,-37.359155,8.000000,0.918185
-22.739083,-37.437871,8.000000,0.906311
-22.331698,-37.504580,8.000000,0.896288
-22.020165,-37.559422,8.000000,0.888391
-21.822256,-37.602535,8.000000,0.882895
-21.753951,-37.634173,8.000000,0.880045
-21.809380,-37.655978,8.000000,0.879701
-21.968067,-37.670522,8.000000,0.881464
-22.209268,-37.680389,8.000000,0.884931
-22.512241,-37.688169,8.000000,0.889701
-22.856243,-37.696448,8.000000,0.895371
-23.220532,-37.707813,8.000000,0.901539
-23.584365,-37.724851,8.000000,0.907802
-23.926999,-37.750150,8.000000,0.913757
-24.227692,-37.786296,8.000000,0.919002
-24.465699,-37.835878,8.000000,0.923134
-24.620280,-37.901481,8.000000,0.925752
-24.670691,-37.985694,8.000000,0.926452
-24.600078,-38.090215,8.000000,0.924901
-24.417571,-38.210822,8.000000,0.921221
-24.142950,-38.340857,8.000000,0.915722
-23.796030,-38.473661,8.000000,0.908714
-23.396623,-38.602572,8.000000,0.900508
-22.964541,-38.720927,8.000000,0.891415
-22.519597,-38.822065,8.000000,0.881744
-22.081605,-38.899325,8.000000,0.871806
-21.670377,-38.946045,8.000000,0.861912
-21.305727,-38.955563,8.000000,0.852373
-21.007466,-38.921218,8.000000,0.843497
-20.795408,-38.836348,8.000000,0.835597
-20.689367,-38.694291,8.000000,0.828982
-20.702621,-38.491704,8.000000,0.823903
-20.823085,-38.238129,8.000000,0.820376
-21.032515,-37.946233,8.000000,0.818360
-21.312670,-37.628685,8.000000,0.817815
-21.645307,-37.298153,8.000000,0.818701
-22.012183,-36.967305,8.000000,0.820977
-22.395057,-36.648810,8.000000,0.824602
-22.775684,-36.355335,8.000000,0.829537
-23.135823,-36.099550,8.000000,0.835740
-23.457231,-35.894122,8.000000,0.843171
-23.721667,-35.751719,8.000000,0.851791
-23.910886,-35.685010,8.000000,0.861557
-24.006679,-35.706633,8.000000,0.872430
-23.998855,-35.821668,8.000000,0.884354
-23.895722,-36.017766,8.000000,0.897240
-23.708187,-36.280126,8.000000,0.910990
-23.447159,-36.593949,8.000000,0.925511
-23.123544,-36.944434,8.000000,0.940707
-22.748251,-37.316780,8.000000,0.956483
-22.332187,-37.696188,8.000000,0.972743
-21.886260,-38.067857,8.000000,0.989393
-21.421379,-38.416987,8.000000,1.006337
-20.948449,-38.728777,8.000000,1.023479
-20.478381,-38.988429,8.000000,1.040726
-20.022080,-39.181140,8.000000,1.057980
-19.590389,-39.292330,8.000000,1.075147
-19.191005,-39.317832,8.000000,1.092075
-18.827154,-39.268275,8.000000,1.108536
-18.501726,-39.155411,8.000000,1.124299
-18.217608,-38.990994,8.000000,1.139128
-17.977689,-38.786775,8.000000,1.152791
-17.784858,-38.554510,8.000000,1.165055
-17.642002,-38.305950,8.000000,1.175685
-17.552009,-38.052848,8.000000,1.184450
-17.517769,-37.806958,8.000000,1.191114
-17.542169,-37.580033,8.000000,1.195445
-17.628097,-37.383825,8.000000,1.197210
-17.778442,-37.230087,8.000000,1.196175
-17.995746,-37.130119,8.000000,1.192122
-18.276020,-37.086662,8.000000,1.185129
-18.609463,-37.094839,8.000000,1.175534
-18.986074,-37.149508,8.000000,1.163687
-19.395847,-37.245529,8.000000,1.149936
-19.828781,-37.377759,8.000000,1.134630
-20.274871,-37.541055,8.000000,1.118116
-20.724115,-37.730277,8.000000,1.100744
-21.166510,-37.940283,8.000000,1.082862
-21.592051,-38.165930,8.000000,1.064819
-21.990735,-38.402076,8.000000,1.046964
-22.352560,-38.643581,8.000000,1.029644
-22.667522,-38.885301,8.000000,1.013209
-22.926406,-39.122297,8.000000,0.997982
-23.127507,-39.351558,8.000000,0.984052
-23.273290,-39.571142,8.000000,0.971377
-23.366265,-39.779118,8.000000,0.959915
-23.408939,-39.973556,8.000000,0.949621
-23.403820,-40.152525,8.000000,0.940453
-23.353419,-40.314094,8.000000,0.932367
-23.260243,-40.456335,8.000000,0.925320
-23.126800,-40.577315,8.000000,0.919270
-22.955600,-40.675104,8.000000,0.914172
-22.749151,-40.747772,8.000000,0.909984
-22.509961,-40.793389,8.000000,0.906662
-22.240539,-40.810023,8.000000,0.904163
-21.944160,-40.795885,8.000000,0.902445
-21.628223,-40.749934,8.000000,0.901467
-21.301514,-40.671384,8.000000,0.901191
-20.972819,-40.559449,8.000000,0.901577
-20.650926,-40.413343,8.000000,0.902585
-20.344620,-40.232278,8.000000,0.904178
-20.062688,-40.015469,8.000000,0.906315
-19.813916,-39.762128,8.000000,0.908958
-19.607091,-39.471470,8.000000,0.912067
-19.450999,-39.142709,8.000000,0.915603
-19.354426,-38.775056,8.000000,0.919528
-19.326160,-38.367727,8.000000,0.923801
-19.374985,-37.919935,8.000000,0.928385
-19.505240,-37.433013,8.000000,0.933233
-19.707225,-36.914981,8.000000,0.938288
-19.968473,-36.375178,8.000000,0.943485
-20.276518,-35.822942,8.000000,0.948762
-20.618895,-35.267612,8.000000,0.954056
-20.983137,-34.718526,8.000000,0.959303
-21.356778,-34.185022,8.000000,0.964440
-21.727353,-33.676438,8.000000,0.969405
-22.082394,-33.202114,8.000000,0.974134
-22.409436,-32.771387,8.000000,0.978564
-22.696013,-32.393595,8.000000,0.982633
-22.929659,-32.078078,8.000000,0.986277
-23.097964,-31.834131,8.000000,0.989434
-23.194880,-31.666417,8.000000,0.992098
-23.226465,-31.570772,8.000000,0.994375
-23.200133,-31.542046,8.000000,0.996382
-23.123300,-31.575088,8.000000,0.998236
-23.003380,-31.664746,8.000000,1.000055
-22.847787,-31.805870,8.000000,1.001955
-22.663935,-31.993308,8.000000,1.004054
-22.459241,-32.221909,8.000000,1.006469
-22.241117,-32.486523,8.000000,1.009317
-22.016980,-32.781999,8.000000,1.012715
-21.794242,-33.103184,8.000000,1.016781
-21.580320,-33.444929,8.000000,1.021632
-21.382489,-33.802073,8.000000,1.027380
-21.203643,-34.169176,8.000000,1.033968
-21.041487,-34.540465,8.000000,1.041141
-20.893429,-34.910150,8.000000,1.048632
-20.756873,-35.272437,8.000000,1.056175
-20.629228,-35.621537,8.000000,1.063503
-20.507899,-35.951656,8.000000,1.070348
-20.390293,-36.257005,8.000000,1.076444
-20.273816,-36.531790,8.000000,1.081525
-20.155874,-36.770220,8.000000,1.085323
-20.033875,-36.966504,8.000000,1.087571
-19.905224,-37.114851,8.000000,1.088003
-19.767328,-37.209468,8.000000,1.086352
-19.617913,-37.245105,8.000000,1.082376
-19.459230,-37.224178,8.000000,1.076182
-19.296889,-37.154793,8.000000,1.068138
-19.136580,-37.045189,8.000000,1.058619
-18.983992,-36.903607,8.000000,1.047997
-18.844816,-36.738287,8.000000,1.036647
-18.724740,-36.557470,8.000000,1.024943
-18.629455,-36.369396,8.000000,1.013257
-18.564650,-36.182305,8.000000,1.001965
-18.536014,-36.004438,8.000000,0.991440
-18.549238,-35.844034,8.000000,0.982055
-18.610011,-35.709335,8.000000,0.974185
-18.724023,-35.608580,8.000000,0.968203
-18.895707,-35.548814,8.000000,0.964435
-19.119980,-35.528015,8.000000,0.962844
-19.387393,-35.540009,8.000000,0.963225
-19.688478,-35.578597,8.000000,0.965373
-20.013765,-35.637583,8.000000,0.969084
-20.353784,-35.710769,8.000000,0.974151
-20.699065,-35.791958,8.000000,0.980371
-21.040139,-35.874953,8.000000,0.987538
-21.367537,-35.953556,8.000000,0.995446
-21.671788,-36.021570,8.000000,1.003892
-21.943423,-36.072799,8.000000,1.012669
-22.172972,-36.101044,8.000000,1.021574
-22.350966,-36.100109,8.000000,1.030400
-22.470422,-36.065576,8.000000,1.038946
-22.535227,-36.000814,8.000000,1.047028
-22.552243,-35.911317,8.000000,1.054463
-22.528329,-35.802583,8.000000,1.061072
-22.470345,-35.680105,8.000000,1.066673
-22.385151,-35.549380,8.000000,1.071085
-22.279607,-35.415903,8.000000,1.074128
-22.160574,-35.285169,8.000000,1.075620
-22.034911,-35.162675,8.000000,1.075381
-21.909478,-35.053916,8.000000,1.073229
-21.791136,-34.964387,8.000000,1.068983
-21.686744,-34.899583,8.000000,1.062464
-21.603156,-34.864997,8.000000,1.053489
-21.544499,-34.864270,8.000000,1.042015
-21.507858,-34.896268,8.000000,1.028352
-21.489196,-34.959095,8.000000,1.012864
-21.484477,-35.050857,8.000000,0.995917
-21.489665,-35.169659,8.000000,0.977876
-21.500722,-35.313606,8.000000,0.959107
-21.513613,-35.480804,8.000000,0.939975
-21.524301,-35.669357,8.000000,0.920845
-21.528750,-35.877371,8.000000,0.902082
-21.522923,-36.102950,8.000000,0.884052
-21.502783,-36.344201,8.000000,0.867120
-21.464296,-36.599227,8.000000,0.851652
-21.403493,-36.866119,8.000000,0.838010
-21.320836,-37.141962,8.000000,0.826408
-21.223769,-37.422259,8.000000,0.816828
-21.120351,-37.702372,8.000000,0.809228
-21.018641,-37.977664,8.000000,0.803567
-20.926699,-38.243498,8.000000,0.799804
-20.852583,-38.495237,8.000000,0.797900
-20.804353,-38.728245,8.000000,0.797813
-20.790068,-38.937884,8.000000,0.799503
-20.817787,-39.119516,8.000000,0.802928
-20.895570,-39.268506,8.000000,0.808049
-21.031476,-39.380215,8.000000,0.814825
-21.233564,-39.450008,8.000000,0.823214
-21.509421,-39.473385,8.000000,0.833174
-21.856048,-39.448984,8.000000,0.844591
-22.259991,-39.378534,8.000000,0.857286
-22.707353,-39.263897,8.000000,0.871076
-23.184235,-39.106934,8.000000,0.885778
-23.676742,-38.909507,8.000000,0.901208
-24.170974,-38.673476,8.000000,0.917183
-24.653035,-38.400704,8.000000,0.933521
-25.109027,-38.093051,8.000000,0.950039
-25.525053,-37.752379,8.000000,0.966553
-25.887216,-37.380550,8.000000,0.982881
-26.181617,-36.979425,8.000000,0.998840
-26.394360,-36.550864,8.000000,1.014246
-26.513055,-36.097117,8.000000,1.028930
-26.541832,-35.624670,8.000000,1.042875
-26.495019,-35.142626,8.000000,1.056157
-26.387094,-34.660127,8.000000,1.068853
-26.232535,-34.186315,8.000000,1.081040
-26.045819,-33.730331,8.000000,1.092796
-25.841426,-33.301318,8.000000,1.104199
-25.633832,-32.908416,8.000000,1.115325
-25.437516,-32.560768,8.000000,1.126252
-25.266957,-32.267516,8.000000,1.137058
-25.136631,-32.037800,8.000000,1.147819
-25.061017,-31.880764,8.000000,1.158614
-25.054593,-31.805547,8.000000,1.169519
-25.128976,-31.819086,8.000000,1.180598
-25.278365,-31.914866,8.000000,1.191837
-25.490397,-32.081314,8.000000,1.203188
-25.752700,-32.306846,8.000000,1.214606
-26.052901,-32.579877,8.000000,1.226044
-26.378627,-32.888825,8.000000,1.237456
-26.717504,-33.222105,8.000000,1.248796
-27.057160,-33.568133,8.000000,1.260017
-27.385221,-33.915326,8.000000,1.271075
-27.689316,-34.252100,8.000000,1.281921
-27.957070,-34.566872,8.000000,1.292511
-28.176110,-34.848056,8.000000,1.302798
-28.334064,-35.084070,8.000000,1.312736
-28.422474,-35.266765,8.000000,1.322253
-28.446788,-35.400194,8.000000,1.331194
-28.415541,-35.491119,8.000000,1.339379
-28.337268,-35.546302,8.000000,1.346634
-28.220506,-35.572505,8.000000,1.352779
-28.073789,-35.576489,8.000000,1.357639
-27.905653,-35.565017,8.000000,1.361037
-27.724632,-35.544851,8.000000,1.362795
-27.539264,-35.522752,8.000000,1.362737
-27.358082,-35.505482,8.000000,1.360686
-27.189622,-35.499804,8.000000,1.356464
-27.042420,-35.512478,8.000000,1.349894
-26.924987,-35.550250,8.000000,1.340801
-26.841773,-35.616932,8.000000,1.329129
-26.788602,-35.710110,8.000000,1.315082
-26.760197,-35.826574,8.000000,1.298895
-26.751284,-35.963116,8.000000,1.280804
-26.756585,-36.116526,8.000000,1.261044
-26.770825,-36.283596,8.000000,1.239852
-26.788726,-36.461116,8.000000,1.217464
-26.805013,-36.645876,8.000000,1.194115
-26.814409,-36.834669,8.000000,1.170040
-26.811637,-37.024284,8.000000,1.145477
-26.791423,-37.211513,8.000000,1.120660
-26.748488,-37.393146,8.000000,1.095826
-26.677636,-37.565994,8.000000,1.071208
-26.576801,-37.727616,8.000000,1.046989
-26.448029,-37.876558,8.000000,1.023281
-26.293645,-38.011433,8.000000,1.000190
-26.115974,-38.130853,8.000000,0.977825
-25.917341,-38.233431,8.000000,0.956293
-25.700071,-38.317779,8.000000,0.935701
-25.466490,-38.382509,8.000000,0.916156
-25.218921,-38.426235,8.000000,0.897766
-24.959691,-38.447569,8.000000,0.880638
-24.691124,-38.445123,8.000000,0.864880
-24.415545,-38.417510,8.000000,0.850599
-24.135279,-38.363342,8.000000,0.837903
-23.852726,-38.281480,8.000000,0.826894
-23.571514,-38.174908,8.000000,0.817612
-23.296286,-38.050005,8.000000,0.810043
-23.031715,-37.913253,8.000000,0.804171
-22.782472,-37.771131,8.000000,0.799981
-22.553231,-37.630120,8.000000,0.797457
-22.348663,-37.496702,8.000000,0.796583
-22.173441,-37.377356,8.000000,0.797344
-22.032238,-37.278564,8.000000,0.799724
-21.929726,-37.206806,8.000000,0.803708
-21.870578,-37.168562,8.000000,0.809280
-21.859466,-37.170314,8.000000,0.816424
-21.901062,-37.218542,8.000000,0.825125
-21.998996,-37.318800,8.000000,0.835360
-22.147895,-37.468643,8.000000,0.847049
-22.337780,-37.661537,8.000000,0.860085
-22.558638,-37.890913,8.000000,0.874357
-22.800453,-38.150204,8.000000,0.889757
-23.053210,-38.432839,8.000000,0.906175
-23.306896,-38.732253,8.000000,0.923502
-23.551494,-39.041876,8.000000,0.941629
-23.776990,-39.355140,8.000000,0.960446
-23.973370,-39.665478,8.000000,0.979845
-24.130619,-39.966320,8.000000,0.999716
-24.238721,-40.251099,8.000000,1.019950
-24.287662,-40.513247,8.000000,1.040438
-24.269924,-40.747000,8.000000,1.061077
-24.190287,-40.950565,8.000000,1.081796
-24.057314,-41.123365,8.000000,1.102534
-23.879568,-41.264825,8.000000,1.123230
-23.665612,-41.374372,8.000000,1.143823
-23.424011,-41.451431,8.000000,1.164252
-23.163327,-41.495427,8.000000,1.184456
-22.892125,-41.505784,8.000000,1.204373
-22.618967,-41.481930,8.000000,1.223942
-22.352418,-41.423287,8.000000,1.243103
-22.101040,-41.329283,8.000000,1.261793
-21.873397,-41.199343,8.000000,1.279953
-21.678051,-41.032892,8.000000,1.297521
-21.521233,-40.830657,8.000000,1.314424
-21.402431,-40.597121,8.000000,1.330549
-21.319921,-40.337447,8.000000,1.345780
-21.271977,-40.056796,8.000000,1.359999
-21.256875,-39.760330,8.000000,1.373089
-21.272889,-39.453210,8.000000,1.384932
-21.318293,-39.140596,8.000000,1.395410
-21.391364,-38.827652,8.000000,1.404407
-21.490376,-38.519538,8.000000,1.411804
-21.613603,-38.221415,8.000000,1.417484
-21.759321,-37.938446,8.000000,1.421329
-21.925805,-37.675791,8.000000,1.423223
-22.111330,-37.438582,8.000000,1.423048
-22.314267,-37.229352,8.000000,1.420791
-22.533153,-37.046074,8.000000,1.416616
-22.766541,-36.886260,8.000000,1.410708
-23.012984,-36.747421,8.000000,1.403250
-23.271034,-36.627068,8.000000,1.394425
-23.539247,-36.522713,8.000000,1.384418
-23.816174,-36.431868,8.000000,1.373411
-24.100369,-36.352042,8.000000,1.361588
-24.390385,-36.280749,8.000000,1.349133
-24.684775,-36.215500,8.000000,1.336229
-24.982093,-36.153804,8.000000,1.323060
-25.280892,-36.093176,8.000000,1.309809
-25.579699,-36.031226,8.000000,1.296656
-25.876352,-35.968330,8.000000,1.283683
-26.167929,-35.907887,8.000000,1.270862
-26.451471,-35.853449,8.000000,1.258162
-26.724020,-35.808568,8.000000,1.245551
-26.982616,-35.776798,8.000000,1.232995
-27.224301,-35.761691,8.000000,1.220464
-27.446115,-35.766799,8.000000,1.207925
-27.645099,-35.795676,8.000000,1.195345
-27.818294,-35.851872,8.000000,1.182692
-27.962741,-35.938942,8.000000,1.169935
-28.075481,-36.060437,8.000000,1.157040
-28.153556,-36.219910,8.000000,1.143977
-28.194325,-36.420481,8.000000,1.130718
-28.199200,-36.659791,8.000000,1.117315
-28.172372,-36.931723,8.000000,1.103873
-28.118084,-37.230085,8.000000,1.090496
-28.040580,-37.548687,8.000000,1.077291
-27.944106,-37.881339,8.000000,1.064362
-27.832905,-38.221848,8.000000,1.051815
-27.711222,-38.564025,8.000000,1.039755
-27.583301,-38.901678,8.000000,1.028288
-27.453386,-39.228616,8.000000,1.017519
-27.325722,-39.538649,8.000000,1.007553
-27.204553,-39.825585,8.000000,0.998497
-27.094123,-40.083234,8.000000,0.990455
-26.998170,-40.306241,8.000000,0.983514
-26.916944,-40.495020,8.000000,0.977639
-26.849221,-40.652415,8.000000,0.972741
-26.793775,-40.781279,8.000000,0.968730
-26.749376,-40.884465,8.000000,0.965519
-26.714799,-40.964827,8.000000,0.963018
-26.688815,-41.025217,8.000000,0.961139
-26.670196,-41.068489,8.000000,0.959792
-26.657715,-41.097495,8.000000,0.958889
-26.650145,-41.115089,8.000000,0.958342
-26.646258,-41.124124,8.000000,0.958060
-26.644826,-41.127453,8.000000,0.957957
-26.644621,-41.127928,8.000000,0.957942
