5.444352,30.115578,8.000000,-1.570796
5.444390,30.115583,8.000000,-1.570805
5.444660,30.115612,8.000000,-1.570866
5.445392,30.115692,8.000000,-1.571030
5.446818,30.115848,8.000000,-1.571350
5.449168,30.116105,8.000000,-1.571877
5.452675,30.116489,8.000000,-1.572665
5.457568,30.117025,8.000000,-1.573763
5.464080,30.117737,8.000000,-1.575225
5.472442,30.118652,8.000000,-1.577102
5.482884,30.119795,8.000000,-1.579445
5.495638,30.121190,8.000000,-1.582308
5.510936,30.122864,8.000000,-1.585742
5.529007,30.124842,8.000000,-1.589798
5.550085,30.127148,8.000000,-1.594530
5.574399,30.129809,8.000000,-1.599987
5.602180,30.132849,8.000000,-1.606223
5.633661,30.136294,8.000000,-1.613289
5.669055,30.140166,8.000000,-1.621235
5.708105,30.144420,8.000000,-1.630036
5.750057,30.148937,8.000000,-1.639587
5.794132,30.153595,8.000000,-1.649784
5.839550,30.158271,8.000000,-1.660517
5.885532,30.162844,8.000000,-1.671680
5.931300,30.167192,8.000000,-1.683167
5.976073,30.171191,8.000000,-1.694869
6.019072,30.174720,8.000000,-1.706680
6.059518,30.177657,8.000000,-1.718492
6.096632,30.179879,8.000000,-1.730199
6.129635,30.181264,8.000000,-1.741693
6.157747,30.181691,8.000000,-1.752868
6.180188,30.181036,8.000000,-1.763616
6.196181,30.179178,8.000000,-1.773830
6.204945,30.175994,8.000000,-1.783402
6.205701,30.171363,8.000000,-1.792227
6.197670,30.165161,8.000000,-1.800196
6.180285,30.157250,8.000000,-1.807231
6.153969,30.147414,8.000000,-1.813382
6.119432,30.135411,8.000000,-1.818737
6.077381,30.121003,8.000000,-1.823386
6.028526,30.103949,8.000000,-1.827416
5.973577,30.084010,8.000000,-1.830915
5.913242,30.060946,8.000000,-1.833973
5.848230,30.034518,8.000000,-1.836677
5.779250,30.004485,8.000000,-1.839116
5.707012,29.970607,8.000000,-1.841378
5.632224,29.932646,8.000000,-1.843551
5.555595,29.890361,8.000000,-1.845725
5.477835,29.843513,8.000000,-1.847986
5.399652,29.791861,8.000000,-1.850424
5.321756,29.735166,8.000000,-1.853128
5.244856,29.673188,8.000000,-1.856184
5.169660,29.605688,8.000000,-1.859682
5.096862,29.532438,8.000000,-1.863708
5.026638,29.453631,8.000000,-1.868262
4.958534,29.369970,8.000000,-1.873242
4.892058,29.282187,8.000000,-1.878540
4.826717,29.191016,8.000000,-1.884047
4.762021,29.097189,8.000000,-1.889653
4.697477,29.001442,8.000000,-1.895252
4.632594,28.904505,8.000000,-1.900734
4.566880,28.807114,8.000000,-1.905991
4.499842,28.710000,8.000000,-1.910914
4.430990,28.613898,8.000000,-1.915395
4.359830,28.519540,8.000000,-1.919324
4.285873,28.427660,8.000000,-1.922595
4.208624,28.338991,8.000000,-1.925097
4.127594,28.254266,8.000000,-1.926722
4.042290,28.174218,8.000000,-1.927363
3.952219,28.099581,8.000000,-1.926910
3.856891,28.031087,8.000000,-1.925254
3.756090,27.969263,8.000000,-1.922313
3.651092,27.913512,8.000000,-1.918135
3.543672,27.862861,8.000000,-1.912816
3.435607,27.816338,8.000000,-1.906450
3.328673,27.772970,8.000000,-1.899131
3.224646,27.731785,8.000000,-1.890955
3.125303,27.691811,8.000000,-1.882015
3.032420,27.652073,8.000000,-1.872407
2.947773,27.611600,8.000000,-1.862225
2.873138,27.569419,8.000000,-1.851564
2.810293,27.524557,8.000000,-1.840518
2.761012,27.476042,8.000000,-1.829182
2.727073,27.422902,8.000000,-1.817651
2.710251,27.364162,8.000000,-1.806019
2.712324,27.298851,8.000000,-1.794381
2.735066,27.225996,8.000000,-1.782831
2.780255,27.144625,8.000000,-1.771465
2.849633,27.053796,8.000000,-1.760375
2.943432,26.953995,8.000000,-1.749634
3.059792,26.847681,8.000000,-1.739279
3.196702,26.737456,8.000000,-1.729348
3.352148,26.625923,8.000000,-1.719874
3.524120,26.515686,8.000000,-1.710897
3.710605,26.409348,8.000000,-1.702450
3.909590,26.309511,8.000000,-1.694571
4.119064,26.218778,8.000000,-1.687295
4.337014,26.139753,8.000000,-1.680660
4.561428,26.075039,8.000000,-1.674700
4.790295,26.027238,8.000000,-1.669452
5.021601,25.998954,8.000000,-1.664953
5.253335,25.992790,8.000000,-1.661239
5.483485,26.011348,8.000000,-1.658345
5.710038,26.057233,8.000000,-1.656308
5.930982,26.133045,8.000000,-1.655165
6.144305,26.241390,8.000000,-1.654950
6.348253,26.384178,8.000000,-1.655687
6.542688,26.558975,8.000000,-1.657307
6.728101,26.761666,8.000000,-1.659706
6.904984,26.988130,8.000000,-1.662783
7.073828,27.234248,8.000000,-1.666434
7.235124,27.495900,8.000000,-1.670555
7.389363,27.768965,8.000000,-1.675044
7.537038,28.049323,8.000000,-1.679797
7.678639,28.332856,8.000000,-1.684712
7.814659,28.615442,8.000000,-1.689685
7.945588,28.892962,8.000000,-1.694614
8.071917,29.161296,8.000000,-1.699395
8.194140,29.416325,8.000000,-1.703925
8.312746,29.653927,8.000000,-1.708101
8.428227,29.869983,8.000000,-1.711820
8.541075,30.060374,8.000000,-1.714979
8.651781,30.220979,8.000000,-1.717474
8.760828,30.347718,8.000000,-1.719205
8.868133,30.439068,8.000000,-1.720150
8.972726,30.497535,8.000000,-1.720417
9.073556,30.525978,8.000000,-1.720126
9.169573,30.527258,8.000000,-1.719395
9.259726,30.504238,8.000000,-1.718342
9.342966,30.459777,8.000000,-1.717088
9.418241,30.396736,8.000000,-1.715751
9.484503,30.317976,8.000000,-1.714451
9.540701,30.226358,8.000000,-1.713305
9.585784,30.124742,8.000000,-1.712433
9.618703,30.015991,8.000000,-1.711955
9.638407,29.902964,8.000000,-1.711989
9.643846,29.788522,8.000000,-1.712653
9.633970,29.675526,8.000000,-1.714068
9.607729,29.566837,8.000000,-1.716352
9.564072,29.465316,8.000000,-1.719624
9.501949,29.373823,8.000000,-1.724003
9.420630,29.294969,8.000000,-1.729585
9.321730,29.229518,8.000000,-1.736301
9.207908,29.177412,8.000000,-1.744006
9.081829,29.138590,8.000000,-1.752556
8.946160,29.112990,8.000000,-1.761806
8.803564,29.100552,8.000000,-1.771613
8.656707,29.101214,8.000000,-1.781831
8.508254,29.114915,8.000000,-1.792316
8.360870,29.141592,8.000000,-1.802924
8.217221,29.181186,8.000000,-1.813510
8.079970,29.233634,8.000000,-1.823930
7.951784,29.298875,8.000000,-1.834040
7.835328,29.376847,8.000000,-1.843694
7.733265,29.467490,8.000000,-1.852749
7.648263,29.570743,8.000000,-1.861060
7.582984,29.686542,8.000000,-1.868483
7.540096,29.814828,8.000000,-1.874873
7.522239,29.955530,8.000000,-1.880087
7.529830,30.107728,8.000000,-1.884076
7.559278,30.268973,8.000000,-1.886964
7.606570,30.436654,8.000000,-1.888892
7.667696,30.608159,8.000000,-1.890000
7.738641,30.780880,8.000000,-1.890430
7.815396,30.952204,8.000000,-1.890322
7.893946,31.119523,8.000000,-1.889818
7.970281,31.280224,8.000000,-1.889059
8.040388,31.431698,8.000000,-1.888186
8.100255,31.571334,8.000000,-1.887339
8.145871,31.696522,8.000000,-1.886660
8.173223,31.804651,8.000000,-1.886291
8.178298,31.893110,8.000000,-1.886370
8.157086,31.959289,8.000000,-1.887041
8.105573,32.000577,8.000000,-1.888444
8.019748,32.014365,8.000000,-1.890720
7.895599,31.998041,8.000000,-1.894010
7.729720,31.949429,8.000000,-1.898433
7.523931,31.870107,8.000000,-1.903925
7.282730,31.763569,8.000000,-1.910325
7.010633,31.633326,8.000000,-1.917474
6.712158,31.482890,8.000000,-1.925210
6.391822,31.315771,8.000000,-1.933374
6.054143,31.135480,8.000000,-1.941804
5.703636,30.945529,8.000000,-1.950340
5.344821,30.749427,8.000000,-1.958822
4.982214,30.550687,8.000000,-1.967088
4.620333,30.352819,8.000000,-1.974980
4.263694,30.159333,8.000000,-1.982336
3.916816,29.973742,8.000000,-1.988995
3.584215,29.799555,8.000000,-1.994797
3.270408,29.640285,8.000000,-1.999582
2.979914,29.499441,8.000000,-2.003189
2.717249,29.380534,8.000000,-2.005457
2.486918,29.287064,8.000000,-2.006228
2.291423,29.220600,8.000000,-2.005435
2.129134,29.178736,8.000000,-2.003214
1.997909,29.158569,8.000000,-1.999722
1.895606,29.157200,8.000000,-1.995117
1.820084,29.171727,8.000000,-1.989557
1.769200,29.199249,8.000000,-1.983199
1.740813,29.236867,8.000000,-1.976203
1.732781,29.281679,8.000000,-1.968726
1.742963,29.330784,8.000000,-1.960925
1.769216,29.381282,8.000000,-1.952959
1.809398,29.430272,8.000000,-1.944986
1.861369,29.474853,8.000000,-1.937164
1.922985,29.512124,8.000000,-1.929651
1.992106,29.539185,8.000000,-1.922604
2.066590,29.553135,8.000000,-1.916182
2.144294,29.551074,8.000000,-1.910543
2.223077,29.530099,8.000000,-1.905844
2.300929,29.487584,8.000000,-1.902229
2.377183,29.423685,8.000000,-1.899690
2.451959,29.340190,8.000000,-1.898129
2.525386,29.238907,8.000000,-1.897448
2.597595,29.121642,8.000000,-1.897548
2.668715,28.990204,8.000000,-1.898333
2.738875,28.846401,8.000000,-1.899703
2.808206,28.692040,8.000000,-1.901560
2.876837,28.528930,8.000000,-1.903807
2.944898,28.358877,8.000000,-1.906344
3.012519,28.183690,8.000000,-1.909074
3.079829,28.005176,8.000000,-1.911898
3.146957,27.825143,8.000000,-1.914719
3.214035,27.645398,8.000000,-1.917438
3.281190,27.467751,8.000000,-1.919957
3.348554,27.294008,8.000000,-1.922177
3.416256,27.125976,8.000000,-1.924001
3.484425,26.965464,8.000000,-1.925331
3.553093,26.813947,8.000000,-1.926117
3.622066,26.672124,8.000000,-1.926425
3.691113,26.540577,8.000000,-1.926338
3.760005,26.419890,8.000000,-1.925940
3.828513,26.310646,8.000000,-1.925314
3.896407,26.213430,8.000000,-1.924543
3.963459,26.128825,8.000000,-1.923709
4.029438,26.057414,8.000000,-1.922896
4.094115,25.999781,8.000000,-1.922186
4.157261,25.956509,8.000000,-1.921664
4.218646,25.928182,8.000000,-1.921412
4.278042,25.915384,8.000000,-1.921512
4.335218,25.918699,8.000000,-1.922049
4.389946,25.938708,8.000000,-1.923104
4.441996,25.975997,8.000000,-1.924762
4.491139,26.031149,8.000000,-1.927105
4.537145,26.104748,8.000000,-1.930216
4.579855,26.197257,8.000000,-1.934169
4.619963,26.307693,8.000000,-1.938913
4.658733,26.434103,8.000000,-1.944319
4.697442,26.574515,8.000000,-1.950253
4.737364,26.726958,8.000000,-1.956583
4.779775,26.889462,8.000000,-1.963177
4.825948,27.060055,8.000000,-1.969901
4.877161,27.236767,8.000000,-1.976624
4.934687,27.417627,8.000000,-1.983213
4.999802,27.600663,8.000000,-1.989536
5.073781,27.783906,8.000000,-1.995460
5.157899,27.965383,8.000000,-2.000852
5.253432,28.143124,8.000000,-2.005580
5.361654,28.315158,8.000000,-2.009512
5.483841,28.479514,8.000000,-2.012515
5.621267,28.634222,8.000000,-2.014457
5.775209,28.777309,8.000000,-2.015204
5.946939,28.906807,8.000000,-2.014625
6.136792,29.021585,8.000000,-2.012662
6.342532,29.122801,8.000000,-2.009455
6.561490,29.212005,8.000000,-2.005184
6.790996,29.290744,8.000000,-2.000023
7.028379,29.360566,8.000000,-1.994150
7.270970,29.423020,8.000000,-1.987742
7.516099,29.479653,8.000000,-1.980975
7.761096,29.532014,8.000000,-1.974026
8.003290,29.581650,8.000000,-1.967073
8.240013,29.630109,8.000000,-1.960290
8.468594,29.678940,8.000000,-1.953856
8.686363,29.729691,8.000000,-1.947948
8.890651,29.783908,8.000000,-1.942741
9.078786,29.843142,8.000000,-1.938412
9.248100,29.908939,8.000000,-1.935139
9.395923,29.982847,8.000000,-1.933098
9.519584,30.066415,8.000000,-1.932466
9.616563,30.161078,8.000000,-1.933406
9.686543,30.266609,8.000000,-1.935875
9.730886,30.381519,8.000000,-1.939678
9.750994,30.504284,8.000000,-1.944613
9.748272,30.633380,8.000000,-1.950479
9.724124,30.767286,8.000000,-1.957076
9.679952,30.904477,8.000000,-1.964201
9.617160,31.043431,8.000000,-1.971654
9.537152,31.182626,8.000000,-1.979235
9.441332,31.320537,8.000000,-1.986741
9.331102,31.455642,8.000000,-1.993973
9.207867,31.586419,8.000000,-2.000728
9.073030,31.711343,8.000000,-2.006806
8.927995,31.828893,8.000000,-2.012006
8.774165,31.937544,8.000000,-2.016127
8.612944,32.035775,8.000000,-2.018968
8.445735,32.122062,8.000000,-2.020328
8.273942,32.194883,8.000000,-2.020006
8.099085,32.253265,8.000000,-2.017869
7.923056,32.297977,8.000000,-2.014000
7.747818,32.330130,8.000000,-2.008524
7.575334,32.350836,8.000000,-2.001568
7.407568,32.361205,8.000000,-1.993256
7.246484,32.362349,8.000000,-1.983713
7.094044,32.355378,8.000000,-1.973066
6.952212,32.341405,8.000000,-1.961440
6.822952,32.321540,8.000000,-1.948959
6.708227,32.296895,8.000000,-1.935750
6.610001,32.268580,8.000000,-1.921938
6.530237,32.237707,8.000000,-1.907648
6.470899,32.205386,8.000000,-1.893006
6.433950,32.172730,8.000000,-1.878138
6.421353,32.140849,8.000000,-1.863167
6.435073,32.110855,8.000000,-1.848221
6.477072,32.083858,8.000000,-1.833424
6.549157,32.060920,8.000000,-1.818898
6.650296,32.042191,8.000000,-1.804687
6.776994,32.027036,8.000000,-1.790767
6.925675,32.014791,8.000000,-1.777113
7.092763,32.004792,8.000000,-1.763701
7.274683,31.996377,8.000000,-1.750504
7.467857,31.988883,8.000000,-1.737499
7.668711,31.981646,8.000000,-1.724659
7.873669,31.974003,8.000000,-1.711960
8.079153,31.965292,8.000000,-1.699376
8.281588,31.954848,8.000000,-1.686882
8.477399,31.942010,8.000000,-1.674453
8.663009,31.926113,8.000000,-1.662063
8.834842,31.906495,8.000000,-1.649689
8.989323,31.882492,8.000000,-1.637303
9.122875,31.853442,8.000000,-1.624882
9.231921,31.818681,8.000000,-1.612400
9.312887,31.777546,8.000000,-1.599832
9.363341,31.729517,8.000000,-1.587163
9.385039,31.674594,8.000000,-1.574419
9.380693,31.612899,8.000000,-1.561635
9.353019,31.544552,8.000000,-1.548846
9.304730,31.469674,8.000000,-1.536086
9.238539,31.388384,8.000000,-1.523390
9.157159,31.300805,8.000000,-1.510793
9.063306,31.207055,8.000000,-1.498330
8.959692,31.107257,8.000000,-1.486034
8.849031,31.001530,8.000000,-1.473942
8.734036,30.889994,8.000000,-1.462088
8.617422,30.772772,8.000000,-1.450505
8.501902,30.649982,8.000000,-1.439230
8.390189,30.521746,8.000000,-1.428297
8.284998,30.388185,8.000000,-1.417741
8.189042,30.249418,8.000000,-1.407596
8.105034,30.105566,8.000000,-1.397897
8.035599,29.956781,8.000000,-1.388677
7.981341,29.803889,8.000000,-1.379923
7.940873,29.648385,8.000000,-1.371578
7.912721,29.491792,8.000000,-1.363582
7.895413,29.335633,8.000000,-1.355877
7.887476,29.181433,8.000000,-1.348403
7.887438,29.030713,8.000000,-1.341101
7.893825,28.884998,8.000000,-1.333912
7.905166,28.745810,8.000000,-1.326776
7.919987,28.614674,8.000000,-1.319635
7.936815,28.493111,8.000000,-1.312428
7.954178,28.382645,8.000000,-1.305097
7.970604,28.284800,8.000000,-1.297583
7.984619,28.201099,8.000000,-1.289826
7.994751,28.133065,8.000000,-1.281767
7.999527,28.082221,8.000000,-1.273346
7.997474,28.050091,8.000000,-1.264505
7.987119,28.038197,8.000000,-1.255185
7.967408,28.047382,8.000000,-1.245347
7.939055,28.075598,8.000000,-1.235048
7.903244,28.120028,8.000000,-1.224368
7.861159,28.177856,8.000000,-1.213387
7.813986,28.246267,8.000000,-1.202184
7.762909,28.322445,8.000000,-1.190841
7.709112,28.403573,8.000000,-1.179438
7.653780,28.486838,8.000000,-1.168054
7.598098,28.569421,8.000000,-1.156771
7.543249,28.648508,8.000000,-1.145667
7.490419,28.721283,8.000000,-1.134824
7.440791,28.784930,8.000000,-1.124321
7.395551,28.836633,8.000000,-1.114239
7.355883,28.873576,8.000000,-1.104658
7.322972,28.892944,8.000000,-1.095658
7.298001,28.891921,8.000000,-1.087319
7.282156,28.867690,8.000000,-1.079722
7.276581,28.817537,8.000000,-1.072945
7.281269,28.741591,8.000000,-1.067023
7.294922,28.643188,8.000000,-1.061941
7.316174,28.525827,8.000000,-1.057680
7.343657,28.393013,8.000000,-1.054223
7.376003,28.248246,8.000000,-1.051553
7.411846,28.095030,8.000000,-1.049652
7.449819,27.936868,8.000000,-1.048501
7.488555,27.777260,8.000000,-1.048083
7.526685,27.619710,8.000000,-1.048381
7.562844,27.467720,8.000000,-1.049377
7.595665,27.324792,8.000000,-1.051052
7.623779,27.194428,8.000000,-1.053390
7.645820,27.080132,8.000000,-1.056372
7.660421,26.985405,8.000000,-1.059980
7.666214,26.913749,8.000000,-1.064198
7.661833,26.868668,8.000000,-1.069006
7.645910,26.853662,8.000000,-1.074389
7.617522,26.871283,8.000000,-1.080328
7.577929,26.919388,8.000000,-1.086812
7.529061,26.994391,8.000000,-1.093831
7.472851,27.092707,8.000000,-1.101375
7.411230,27.210750,8.000000,-1.109434
7.346131,27.344935,8.000000,-1.117999
7.279483,27.491675,8.000000,-1.127059
7.213220,27.647385,8.000000,-1.136603
7.149273,27.808479,8.000000,-1.146623
7.089574,27.971372,8.000000,-1.157108
7.036054,28.132477,8.000000,-1.168048
6.990644,28.288209,8.000000,-1.179432
6.955277,28.434983,8.000000,-1.191252
6.931884,28.569212,8.000000,-1.203497
6.922397,28.687312,8.000000,-1.216157
6.928748,28.785695,8.000000,-1.229222
6.952868,28.860777,8.000000,-1.242682
6.996641,28.909043,8.000000,-1.256526
7.060171,28.929630,8.000000,-1.270697
7.141287,28.925071,8.000000,-1.285082
7.237666,28.898120,8.000000,-1.299563
7.346989,28.851530,8.000000,-1.314022
7.466932,28.788054,8.000000,-1.328342
7.595177,28.710446,8.000000,-1.342406
7.729401,28.621460,8.000000,-1.356095
7.867283,28.523849,8.000000,-1.369293
8.006503,28.420366,8.000000,-1.381881
8.144739,28.313766,8.000000,-1.393742
8.279670,28.206801,8.000000,-1.404758
8.408975,28.102226,8.000000,-1.414812
8.530333,28.002793,8.000000,-1.423786
8.641422,27.911256,8.000000,-1.431562
8.739923,27.830369,8.000000,-1.438024
8.823513,27.762885,8.000000,-1.443052
8.889871,27.711558,8.000000,-1.446531
8.937056,27.678552,8.000000,-1.448364
8.965293,27.662653,8.000000,-1.448590
8.975581,27.661449,8.000000,-1.447292
8.968918,27.672525,8.000000,-1.444553
8.946302,27.693464,8.000000,-1.440459
8.908734,27.721854,8.000000,-1.435092
8.857211,27.755277,8.000000,-1.428537
8.792732,27.791320,8.000000,-1.420877
8.716296,27.827567,8.000000,-1.412196
8.628902,27.861604,8.000000,-1.402580
8.531548,27.891014,8.000000,-1.392110
8.425233,27.913385,8.000000,-1.380871
8.310956,27.926299,8.000000,-1.368948
8.189715,27.927343,8.000000,-1.356423
8.062510,27.914102,8.000000,-1.343382
7.930340,27.884159,8.000000,-1.329907
7.794201,27.835102,8.000000,-1.316083
7.655092,27.764549,8.000000,-1.301993
7.513873,27.671956,8.000000,-1.287730
7.371209,27.559452,8.000000,-1.273395
7.227747,27.429376,8.000000,-1.259092
7.084138,27.284066,8.000000,-1.244922
6.941031,27.125863,8.000000,-1.230991
6.799073,26.957105,8.000000,-1.217399
6.658914,26.780132,8.000000,-1.204251
6.521202,26.597283,8.000000,-1.191650
6.386588,26.410898,8.000000,-1.179698
6.255718,26.223316,8.000000,-1.168498
6.129244,26.036876,8.000000,-1.158154
6.007812,25.853918,8.000000,-1.148768
5.892072,25.676780,8.000000,-1.140444
5.782674,25.507803,8.000000,-1.133284
5.680265,25.349325,8.000000,-1.127392
5.585495,25.203686,8.000000,-1.122871
5.499013,25.073225,8.000000,-1.119823
5.421413,24.960049,8.000000,-1.118332
5.352929,24.864704,8.000000,-1.118354
5.293646,24.787102,8.000000,-1.119791
5.243650,24.727149,8.000000,-1.122546
5.203026,24.684754,8.000000,-1.126521
5.171858,24.659823,8.000000,-1.131618
5.150232,24.652264,8.000000,-1.137741
5.138232,24.661986,8.000000,-1.144790
5.135945,24.688894,8.000000,-1.152670
5.143454,24.732898,8.000000,-1.161282
5.160845,24.793904,8.000000,-1.170528
5.188203,24.871821,8.000000,-1.180311
5.225613,24.966555,8.000000,-1.190534
5.273160,25.078015,8.000000,-1.201099
5.330929,25.206107,8.000000,-1.211908
5.399005,25.350740,8.000000,-1.222864
5.477473,25.511821,8.000000,-1.233869
5.566411,25.689252,8.000000,-1.244826
5.665327,25.882482,8.000000,-1.255675
5.772784,26.090211,8.000000,-1.266413
5.887255,26.311065,8.000000,-1.277045
6.007214,26.543673,8.000000,-1.287577
6.131135,26.786663,8.000000,-1.298011
6.257490,27.038663,8.000000,-1.308353
6.384753,27.298299,8.000000,-1.318608
6.511398,27.564201,8.000000,-1.328779
6.635897,27.834996,8.000000,-1.338871
6.756725,28.109311,8.000000,-1.348888
6.872355,28.385775,8.000000,-1.358836
6.981260,28.663015,8.000000,-1.368718
7.081913,28.939659,8.000000,-1.378539
7.172789,29.214335,8.000000,-1.388303
7.252359,29.485671,8.000000,-1.398016
7.319099,29.752294,8.000000,-1.407680
7.371480,30.012833,8.000000,-1.417302
7.408106,30.265918,8.000000,-1.426886
7.428580,30.510205,8.000000,-1.436456
7.432982,30.744364,8.000000,-1.446039
7.421392,30.967062,8.000000,-1.455665
7.393890,31.176967,8.000000,-1.465362
7.350558,31.372748,8.000000,-1.475159
7.291477,31.553074,8.000000,-1.485085
7.216727,31.716612,8.000000,-1.495169
7.126389,31.862031,8.000000,-1.505440
7.020544,31.988000,8.000000,-1.515927
6.899272,32.093186,8.000000,-1.526658
6.762655,32.176258,8.000000,-1.537662
6.610774,32.235884,8.000000,-1.548969
6.443709,32.270733,8.000000,-1.560607
6.261541,32.279473,8.000000,-1.572604
6.064350,32.260773,8.000000,-1.584991
5.852219,32.213300,8.000000,-1.597795
5.625238,32.135737,8.000000,-1.611045
5.384705,32.028337,8.000000,-1.624749
5.134217,31.894341,8.000000,-1.638876
4.877625,31.737327,8.000000,-1.653389
4.618782,31.560872,8.000000,-1.668252
4.361541,31.368551,8.000000,-1.683428
4.109754,31.163943,8.000000,-1.698882
3.867275,30.950624,8.000000,-1.714576
3.637955,30.732170,8.000000,-1.730476
3.425648,30.512158,8.000000,-1.746544
3.234206,30.294166,8.000000,-1.762745
3.067481,30.081770,8.000000,-1.779042
2.929327,29.878547,8.000000,-1.795399
2.823595,29.688073,8.000000,-1.811779
2.754139,29.513927,8.000000,-1.828147
2.724811,29.359683,8.000000,-1.844466
2.739464,29.228920,8.000000,-1.860700
2.801950,29.125214,8.000000,-1.876813
2.915459,29.051784,8.000000,-1.892764
3.077058,29.008560,8.000000,-1.908482
3.280508,28.993690,8.000000,-1.923876
3.519541,29.005307,8.000000,-1.938856
3.787886,29.041545,8.000000,-1.953330
4.079274,29.100536,8.000000,-1.967210
4.387434,29.180413,8.000000,-1.980403
4.706096,29.279309,8.000000,-1.992820
5.028990,29.395356,8.000000,-2.004371
5.349847,29.526687,8.000000,-2.014964
5.662397,29.671435,8.000000,-2.024509
5.960369,29.827733,8.000000,-2.032917
6.237494,29.993714,8.000000,-2.040095
6.487501,30.167510,8.000000,-2.045955
6.704121,30.347254,8.000000,-2.050405
6.881084,30.531079,8.000000,-2.053355
7.012120,30.717118,8.000000,-2.054715
7.090976,30.903504,8.000000,-2.054394
7.114875,31.088533,8.000000,-2.052386
7.088615,31.270856,8.000000,-2.048865
7.017997,31.449168,8.000000,-2.044031
6.908819,31.622167,8.000000,-2.038081
6.766880,31.788549,8.000000,-2.031216
6.597981,31.947010,8.000000,-2.023633
6.407921,32.096248,8.000000,-2.015532
6.202498,32.234958,8.000000,-2.007111
5.987513,32.361839,8.000000,-1.998569
5.768765,32.475585,8.000000,-1.990106
5.552052,32.574894,8.000000,-1.981918
5.343175,32.658463,8.000000,-1.974206
5.147933,32.724988,8.000000,-1.967169
4.972125,32.773165,8.000000,-1.961004
4.821551,32.801692,8.000000,-1.955911
4.702009,32.809264,8.000000,-1.952089
4.619300,32.794579,8.000000,-1.949736
4.578709,32.756495,8.000000,-1.949031
4.579893,32.695635,8.000000,-1.949934
4.619038,32.613714,8.000000,-1.952271
4.692276,32.512462,8.000000,-1.955863
4.795740,32.393610,8.000000,-1.960534
4.925562,32.258888,8.000000,-1.966107
5.077876,32.110027,8.000000,-1.972405
5.248815,31.948756,8.000000,-1.979250
5.434511,31.776807,8.000000,-1.986465
5.631098,31.595910,8.000000,-1.993874
5.834708,31.407794,8.000000,-2.001299
6.041474,31.214192,8.000000,-2.008562
6.247529,31.016832,8.000000,-2.015488
6.449007,30.817446,8.000000,-2.021899
6.642039,30.617763,8.000000,-2.027617
6.822759,30.419515,8.000000,-2.032466
6.987299,30.224432,8.000000,-2.036268
7.131797,30.034242,8.000000,-2.038847
7.253834,29.850282,8.000000,-2.040086
7.354619,29.672895,8.000000,-2.040022
7.435920,29.502273,8.000000,-2.038715
7.499505,29.338609,8.000000,-2.036225
7.547142,29.182093,8.000000,-2.032611
7.580601,29.032918,8.000000,-2.027935
7.601649,28.891275,8.000000,-2.022255
7.612054,28.757357,8.000000,-2.015633
7.613586,28.631354,8.000000,-2.008127
7.608012,28.513459,8.000000,-1.999798
7.597101,28.403864,8.000000,-1.990706
7.582621,28.302759,8.000000,-1.980912
7.566341,28.210338,8.000000,-1.970474
7.550029,28.126792,8.000000,-1.959453
7.535452,28.052312,8.000000,-1.947910
7.524381,27.987090,8.000000,-1.935903
7.518582,27.931318,8.000000,-1.923493
7.519735,27.885141,8.000000,-1.910741
7.528336,27.848089,8.000000,-1.897712
7.544053,27.819256,8.000000,-1.884474
7.566534,27.797729,8.000000,-1.871096
7.595427,27.782594,8.000000,-1.857647
7.630380,27.772938,8.000000,-1.844196
7.671044,27.767848,8.000000,-1.830811
7.717065,27.766410,8.000000,-1.817561
7.768093,27.767709,8.000000,-1.804516
7.823777,27.770833,8.000000,-1.791743
7.883765,27.774869,8.000000,-1.779311
7.947705,27.778902,8.000000,-1.767290
8.015246,27.782018,8.000000,-1.755748
8.086038,27.783305,8.000000,-1.744753
8.159728,27.781849,8.000000,-1.734375
8.235964,27.776736,8.000000,-1.724682
8.314397,27.767053,8.000000,-1.715743
8.394674,27.751886,8.000000,-1.707627
8.476114,27.730979,8.000000,-1.700371
8.557084,27.705975,8.000000,-1.693923
8.635778,27.678857,8.000000,-1.688213
8.710394,27.651610,8.000000,-1.683172
8.779124,27.626218,8.000000,-1.678733
8.840165,27.604666,8.000000,-1.674824
8.891712,27.588938,8.000000,-1.671378
8.931960,27.581017,8.000000,-1.668326
8.959104,27.582890,8.000000,-1.665598
8.971340,27.596538,8.000000,-1.663126
8.966862,27.623948,8.000000,-1.660840
8.943865,27.667103,8.000000,-1.658672
8.900546,27.727987,8.000000,-1.656552
8.835099,27.808585,8.000000,-1.654412
8.745719,27.910881,8.000000,-1.652182
8.630602,28.036860,8.000000,-1.649794
8.487942,28.188505,8.000000,-1.647178
8.316145,28.367598,8.000000,-1.644269
8.116952,28.572691,8.000000,-1.641057
7.894784,28.799745,8.000000,-1.637574
7.654138,29.044645,8.000000,-1.633856
7.399509,29.303278,8.000000,-1.629936
7.135395,29.571531,8.000000,-1.625851
6.866290,29.845290,8.000000,-1.621634
6.596692,30.120443,8.000000,-1.617320
6.331097,30.392876,8.000000,-1.612943
6.074000,30.658475,8.000000,-1.608540
5.829899,30.913128,8.000000,-1.604143
5.603289,31.152720,8.000000,-1.599788
5.398667,31.373139,8.000000,-1.595509
5.220529,31.570271,8.000000,-1.591342
5.073371,31.740004,8.000000,-1.587321
4.961690,31.878222,8.000000,-1.583479
4.889982,31.980814,8.000000,-1.579854
4.862742,32.043667,8.000000,-1.576477
4.882614,32.064361,8.000000,-1.573367
4.946034,32.046154,8.000000,-1.570474
5.048142,31.993489,8.000000,-1.567739
5.184076,31.910810,8.000000,-1.565099
5.348976,31.802562,8.000000,-1.562495
5.537981,31.673186,8.000000,-1.559865
5.746230,31.527129,8.000000,-1.557149
5.968861,31.368832,8.000000,-1.554286
6.201015,31.202740,8.000000,-1.551214
6.437829,31.033297,8.000000,-1.547873
6.674444,30.864946,8.000000,-1.544203
6.905998,30.702131,8.000000,-1.540141
7.127630,30.549296,8.000000,-1.535628
7.334480,30.410884,8.000000,-1.530602
7.521686,30.291340,8.000000,-1.525003
7.684387,30.195106,8.000000,-1.518770
7.817723,30.126627,8.000000,-1.511841
7.917015,30.090154,8.000000,-1.504159
7.981164,30.086144,8.000000,-1.495721
8.012341,30.111592,8.000000,-1.486572
8.012837,30.163365,8.000000,-1.476763
7.984943,30.238329,8.000000,-1.466341
7.930951,30.333351,8.000000,-1.455355
7.853152,30.445298,8.000000,-1.443853
7.753838,30.571036,8.000000,-1.431884
7.635299,30.707432,8.000000,-1.419498
7.499828,30.851353,8.000000,-1.406741
7.349714,30.999666,8.000000,-1.393664
7.187250,31.149238,8.000000,-1.380314
7.014727,31.296934,8.000000,-1.366740
6.834435,31.439623,8.000000,-1.352991
6.648667,31.574170,8.000000,-1.339115
6.459714,31.697442,8.000000,-1.325161
6.269867,31.806307,8.000000,-1.311178
6.081416,31.897630,8.000000,-1.297214
5.896345,31.969196,8.000000,-1.283322
5.715437,32.022348,8.000000,-1.269571
5.539181,32.059295,8.000000,-1.256036
5.368071,32.082245,8.000000,-1.242790
5.202596,32.093406,8.000000,-1.229907
5.043249,32.094987,8.000000,-1.217461
4.890521,32.089195,8.000000,-1.205526
4.744903,32.078238,8.000000,-1.194175
4.606887,32.064326,8.000000,-1.183482
4.476964,32.049665,8.000000,-1.173521
4.355626,32.036465,8.000000,-1.164366
4.243363,32.026933,8.000000,-1.156090
4.140667,32.023277,8.000000,-1.148768
4.048030,32.027707,8.000000,-1.142473
3.965943,32.042429,8.000000,-1.137278
3.894897,32.069652,8.000000,-1.133258
3.835384,32.111585,8.000000,-1.130486
3.787884,32.170348,8.000000,-1.129033
3.752595,32.245921,8.000000,-1.128883
3.729426,32.336056,8.000000,-1.129932
3.718269,32.438401,8.000000,-1.132071
3.719019,32.550605,8.000000,-1.135191
3.731569,32.670317,8.000000,-1.139184
3.755813,32.795184,8.000000,-1.143940
3.791644,32.922855,8.000000,-1.149352
3.838956,33.050979,8.000000,-1.155310
3.897643,33.177204,8.000000,-1.161706
3.967598,33.299178,8.000000,-1.168431
4.048716,33.414551,8.000000,-1.175377
4.140889,33.520970,8.000000,-1.182434
4.244011,33.616083,8.000000,-1.189494
4.357976,33.697540,8.000000,-1.196448
4.482678,33.762989,8.000000,-1.203188
4.618010,33.810078,8.000000,-1.209605
4.763867,33.836456,8.000000,-1.215590
4.919906,33.840374,8.000000,-1.221051
5.084732,33.822796,8.000000,-1.225975
5.256652,33.785452,8.000000,-1.230369
5.433971,33.730072,8.000000,-1.234239
5.614997,33.658384,8.000000,-1.237594
5.798034,33.572118,8.000000,-1.240440
5.981391,33.473003,8.000000,-1.242786
6.163373,33.362769,8.000000,-1.244638
6.342286,33.243144,8.000000,-1.246004
6.516437,33.115858,8.000000,-1.246891
6.684133,32.982640,8.000000,-1.247307
6.843680,32.845220,8.000000,-1.247259
6.993383,32.705326,8.000000,-1.246754
7.131551,32.564688,8.000000,-1.245800
7.256488,32.425036,8.000000,-1.244404
7.366501,32.288098,8.000000,-1.242574
7.459898,32.155604,8.000000,-1.240316
7.535022,32.029242,8.000000,-1.237639
7.591438,31.909389,8.000000,-1.234568
7.630154,31.794876,8.000000,-1.231147
7.652262,31.684442,8.000000,-1.227422
7.658854,31.576824,8.000000,-1.223439
7.651020,31.470764,8.000000,-1.219244
7.629853,31.365001,8.000000,-1.214881
7.596444,31.258272,8.000000,-1.210399
7.551884,31.149319,8.000000,-1.205841
7.497264,31.036880,8.000000,-1.201254
7.433677,30.919694,8.000000,-1.196684
7.362214,30.796502,8.000000,-1.192177
7.283966,30.666041,8.000000,-1.187778
7.200025,30.527052,8.000000,-1.183533
7.111483,30.378274,8.000000,-1.179488
7.019430,30.218445,8.000000,-1.175689
6.924958,30.046307,8.000000,-1.172181
6.829160,29.860596,8.000000,-1.169011
6.733018,29.660681,8.000000,-1.166213
6.636956,29.449201,8.000000,-1.163760
6.541215,29.229869,8.000000,-1.161606
6.446032,29.006394,8.000000,-1.159704
6.351650,28.782488,8.000000,-1.158009
6.258307,28.561862,8.000000,-1.156475
6.166243,28.348227,8.000000,-1.155055
6.075698,28.145293,8.000000,-1.153702
5.986913,27.956771,8.000000,-1.152371
5.900126,27.786373,8.000000,-1.151016
5.815577,27.637810,8.000000,-1.149589
5.733507,27.514791,8.000000,-1.148046
5.654156,27.421029,8.000000,-1.146339
5.577762,27.360235,8.000000,-1.144423
5.504567,27.336118,8.000000,-1.142251
5.434809,27.352391,8.000000,-1.139777
5.368729,27.412763,8.000000,-1.136955
5.306564,27.520855,8.000000,-1.133739
5.248409,27.676399,8.000000,-1.130116
5.194174,27.873896,8.000000,-1.126118
5.143755,28.107474,8.000000,-1.121779
5.097046,28.371264,8.000000,-1.117133
5.053943,28.659395,8.000000,-1.112214
5.014342,28.965997,8.000000,-1.107057
4.978138,29.285200,8.000000,-1.101695
4.945227,29.611133,8.000000,-1.096164
4.915504,29.937926,8.000000,-1.090496
4.888864,30.259710,8.000000,-1.084727
4.865204,30.570613,8.000000,-1.078891
4.844417,30.864765,8.000000,-1.073022
4.826401,31.136297,8.000000,-1.067153
4.811049,31.379338,8.000000,-1.061320
4.798259,31.588017,8.000000,-1.055557
4.787925,31.756465,8.000000,-1.049897
4.779942,31.878811,8.000000,-1.044375
4.774168,31.950243,8.000000,-1.039026
4.770221,31.972385,8.000000,-1.033889
4.767630,31.949288,8.000000,-1.029003
4.765927,31.885007,8.000000,-1.024408
4.764639,31.783595,8.000000,-1.020145
4.763297,31.649108,8.000000,-1.016253
4.761429,31.485599,8.000000,-1.012773
4.758566,31.297122,8.000000,-1.009744
4.754238,31.087733,8.000000,-1.007206
4.747973,30.861485,8.000000,-1.005199
4.739301,30.622433,8.000000,-1.003764
4.727751,30.374631,8.000000,-1.002940
4.712854,30.122134,8.000000,-1.002768
4.694139,29.868996,8.000000,-1.003287
4.671135,29.619271,8.000000,-1.004537
4.643371,29.377014,8.000000,-1.006558
4.610378,29.146278,8.000000,-1.009390
4.571694,28.931089,8.000000,-1.013073
4.527408,28.733660,8.000000,-1.017587
4.478451,28.553431,8.000000,-1.022824
4.425828,28.389605,8.000000,-1.028669
4.370542,28.241382,8.000000,-1.035006
4.313597,28.107967,8.000000,-1.041719
4.255998,27.988560,8.000000,-1.048693
4.198749,27.882365,8.000000,-1.055813
4.142852,27.788584,8.000000,-1.062961
4.089313,27.706418,8.000000,-1.070024
4.039134,27.635072,8.000000,-1.076885
3.993321,27.573746,8.000000,-1.083429
3.952877,27.521643,8.000000,-1.089540
3.918806,27.477965,8.000000,-1.095103
3.892111,27.441916,8.000000,-1.100001
3.873797,27.412696,8.000000,-1.104119
3.864869,27.389510,8.000000,-1.107343
3.866328,27.371558,8.000000,-1.109555
3.878963,27.358188,8.000000,-1.110659
3.902014,27.349781,8.000000,-1.110687
3.934051,27.347166,8.000000,-1.109725
3.973643,27.351174,8.000000,-1.107863
4.019356,27.362633,8.000000,-1.105189
4.069759,27.382376,8.000000,-1.101790
4.123419,27.411232,8.000000,-1.097755
4.178904,27.450031,8.000000,-1.093172
4.234782,27.499604,8.000000,-1.088128
4.289621,27.560782,8.000000,-1.082712
4.341988,27.634395,8.000000,-1.077013
4.390451,27.721272,8.000000,-1.071117
4.433578,27.822245,8.000000,-1.065114
4.469936,27.938144,8.000000,-1.059091
4.498094,28.069800,8.000000,-1.053136
4.516618,28.218042,8.000000,-1.047338
4.524077,28.383701,8.000000,-1.041784
4.519053,28.567592,8.000000,-1.036562
4.501332,28.769170,8.000000,-1.031717
4.472815,28.985504,8.000000,-1.027218
4.435618,29.213423,8.000000,-1.023025
4.391855,29.449754,8.000000,-1.019102
4.343643,29.691325,8.000000,-1.015408
4.293097,29.934965,8.000000,-1.011906
4.242332,30.177501,8.000000,-1.008556
4.193463,30.415762,8.000000,-1.005320
4.148606,30.646574,8.000000,-1.002160
4.109877,30.866766,8.000000,-0.999037
4.079390,31.073166,8.000000,-0.995913
4.059261,31.262602,8.000000,-0.992748
4.051606,31.431902,8.000000,-0.989504
4.058539,31.577894,8.000000,-0.986142
4.082177,31.697405,8.000000,-0.982625
4.124634,31.787264,8.000000,-0.978913
4.188026,31.844299,8.000000,-0.974968
4.274098,31.865790,8.000000,-0.970757
4.381504,31.852800,8.000000,-0.966293
4.507360,31.808275,8.000000,-0.961614
4.648769,31.735174,8.000000,-0.956758
4.802836,31.636456,8.000000,-0.951763
4.966665,31.515081,8.000000,-0.946665
5.137360,31.374008,8.000000,-0.941502
5.312025,31.216195,8.000000,-0.936312
5.487765,31.044602,8.000000,-0.931133
5.661683,30.862188,8.000000,-0.926001
5.830884,30.671913,8.000000,-0.920955
5.992472,30.476735,8.000000,-0.916032
6.143551,30.279613,8.000000,-0.911269
6.281225,30.083507,8.000000,-0.906704
6.402599,29.891377,8.000000,-0.902375
6.504776,29.706180,8.000000,-0.898319
6.584861,29.530877,8.000000,-0.894573
6.639969,29.368418,8.000000,-0.891176
6.668699,29.220588,8.000000,-0.888146
6.672634,29.086831,8.000000,-0.885466
6.653715,28.966311,8.000000,-0.883114
6.613881,28.858191,8.000000,-0.881070
6.555073,28.761635,8.000000,-0.879312
6.479231,28.675806,8.000000,-0.877817
6.388295,28.599867,8.000000,-0.876565
6.284205,28.532982,8.000000,-0.875535
6.168901,28.474314,8.000000,-0.874704
6.044323,28.423027,8.000000,-0.874051
5.912411,28.378285,8.000000,-0.873555
5.775106,28.339250,8.000000,-0.873194
5.634348,28.305086,8.000000,-0.872947
5.492076,28.274957,8.000000,-0.872792
5.350231,28.248026,8.000000,-0.872707
5.210752,28.223457,8.000000,-0.872672
5.075581,28.200412,8.000000,-0.872665
4.946538,28.178199,8.000000,-0.872665
4.824270,28.157526,8.000000,-0.872665
4.708753,28.139907,8.000000,-0.872665
4.599959,28.126859,8.000000,-0.872665
4.497856,28.119905,8.000000,-0.872665
4.402415,28.120565,8.000000,-0.872665
4.313604,28.130357,8.000000,-0.872665
4.231393,28.150804,8.000000,-0.872665
4.155753,28.183425,8.000000,-0.872665
4.086652,28.229741,8.000000,-0.872665
4.024061,28.291272,8.000000,-0.872665
3.967949,28.369537,8.000000,-0.872665
3.918285,28.466059,8.000000,-0.872665
3.875040,28.582356,8.000000,-0.872665
3.838183,28.719950,8.000000,-0.872665
3.807684,28.880359,8.000000,-0.872665
3.783512,29.065106,8.000000,-0.872665
3.765637,29.275704,8.000000,-0.872665
3.754020,29.512133,8.000000,-0.872665
3.748605,29.770838,8.000000,-0.872665
3.749332,30.047763,8.000000,-0.872665
3.756141,30.338854,8.000000,-0.872665
3.768974,30.640059,8.000000,-0.872665
3.787769,30.947322,8.000000,-0.872665
3.812468,31.256589,8.000000,-0.872665
3.843012,31.563807,8.000000,-0.872665
3.879340,31.864922,8.000000,-0.872665
3.921393,32.155879,8.000000,-0.872665
3.969112,32.432625,8.000000,-0.872665
4.022436,32.691105,8.000000,-0.872665
4.081307,32.927266,8.000000,-0.872665
4.145665,33.137053,8.000000,-0.872665
4.215450,33.316412,8.000000,-0.872665
4.290603,33.461290,8.000000,-0.872665
4.371063,33.567632,8.000000,-0.872665
4.456689,33.631721,8.000000,-0.872665
4.546355,33.653799,8.000000,-0.872665
4.638299,33.636687,8.000000,-0.872665
4.730745,33.583249,8.000000,-0.872665
4.821919,33.496349,8.000000,-0.872665
4.910047,33.378851,8.000000,-0.872665
4.993354,33.233619,8.000000,-0.872665
5.070066,33.063518,8.000000,-0.872665
5.138409,32.871412,8.000000,-0.872665
5.196608,32.660164,8.000000,-0.872665
5.242888,32.432640,8.000000,-0.872665
5.275476,32.191703,8.000000,-0.872665
5.292597,31.940217,8.000000,-0.872665
5.292476,31.681047,8.000000,-0.872665
5.273340,31.417056,8.000000,-0.872665
5.233413,31.151109,8.000000,-0.872665
5.170922,30.886071,8.000000,-0.872665
5.084093,30.624804,8.000000,-0.872665
4.972271,30.369739,8.000000,-0.872670
4.837760,30.122163,8.000000,-0.872697
4.683353,29.883169,8.000000,-0.872767
4.511843,29.653856,8.000000,-0.872900
4.326022,29.435318,8.000000,-0.873115
4.128681,29.228651,8.000000,-0.873432
3.922614,29.034953,8.000000,-0.873871
3.710613,28.855319,8.000000,-0.874452
3.495470,28.690844,8.000000,-0.875195
3.279976,28.542626,8.000000,-0.876120
3.066926,28.411760,8.000000,-0.877247
2.859110,28.299343,8.000000,-0.878595
2.659322,28.206469,8.000000,-0.880185
2.470353,28.134237,8.000000,-0.882036
2.294996,28.083741,8.000000,-0.884168
2.136044,28.056077,8.000000,-0.886601
1.996287,28.052343,8.000000,-0.889356
1.878390,28.073465,8.000000,-0.892450
1.783175,28.118001,8.000000,-0.895889
1.710102,28.182745,8.000000,-0.899664
1.658597,28.264449,8.000000,-0.903770
1.628086,28.359865,8.000000,-0.908199
1.617997,28.465748,8.000000,-0.912943
1.627755,28.578850,8.000000,-0.917996
1.656786,28.695922,8.000000,-0.923351
1.704519,28.813719,8.000000,-0.929000
1.770378,28.928993,8.000000,-0.934936
1.853791,29.038497,8.000000,-0.941153
1.954184,29.138983,8.000000,-0.947643
2.070983,29.227205,8.000000,-0.954399
2.203616,29.299915,8.000000,-0.961414
2.351508,29.353865,8.000000,-0.968680
2.514086,29.385809,8.000000,-0.976192
2.690777,29.392500,8.000000,-0.983941
2.881007,29.370690,8.000000,-0.991920
3.083729,29.318478,8.000000,-1.000123
3.296449,29.238081,8.000000,-1.008547
3.516393,29.132506,8.000000,-1.017188
3.740791,29.004760,8.000000,-1.026042
3.966868,28.857849,8.000000,-1.035106
4.191853,28.694779,8.000000,-1.044376
4.412973,28.518558,8.000000,-1.053850
4.627457,28.332190,8.000000,-1.063523
4.832531,28.138684,8.000000,-1.073392
5.025423,27.941045,8.000000,-1.083455
5.203361,27.742280,8.000000,-1.093707
5.363573,27.545395,8.000000,-1.104144
5.503285,27.353397,8.000000,-1.114765
5.619727,27.169293,8.000000,-1.125564
5.710125,26.996087,8.000000,-1.136539
5.771706,26.836788,8.000000,-1.147687
5.801700,26.694402,8.000000,-1.159003
5.797545,26.571814,8.000000,-1.170484
5.760369,26.469831,8.000000,-1.182108
5.694414,26.387501,8.000000,-1.193842
5.604020,26.323815,8.000000,-1.205652
5.493527,26.277765,8.000000,-1.217501
5.367275,26.248345,8.000000,-1.229356
5.229604,26.234546,8.000000,-1.241181
5.084853,26.235360,8.000000,-1.252943
4.937364,26.249781,8.000000,-1.264605
4.791476,26.276799,8.000000,-1.276135
4.651529,26.315407,8.000000,-1.287496
4.521863,26.364598,8.000000,-1.298654
4.406819,26.423363,8.000000,-1.309575
4.310736,26.490695,8.000000,-1.320223
4.237954,26.565587,8.000000,-1.330565
4.192813,26.647029,8.000000,-1.340564
4.179654,26.734016,8.000000,-1.350188
4.202816,26.825538,8.000000,-1.359400
4.264944,26.920518,8.000000,-1.368174
4.362657,27.017633,8.000000,-1.376515
4.491238,27.115501,8.000000,-1.384433
4.645969,27.212744,8.000000,-1.391939
4.822133,27.307981,8.000000,-1.399043
5.015013,27.399834,8.000000,-1.405756
5.219890,27.486922,8.000000,-1.412089
5.432048,27.567866,8.000000,-1.418051
5.646769,27.641286,8.000000,-1.423654
5.859335,27.705802,8.000000,-1.428909
6.065029,27.760036,8.000000,-1.433825
6.259133,27.802606,8.000000,-1.438414
6.436930,27.832134,8.000000,-1.442686
6.593703,27.847240,8.000000,-1.446652
6.724734,27.846544,8.000000,-1.450322
6.825306,27.828667,8.000000,-1.453707
6.890700,27.792229,8.000000,-1.456817
6.916388,27.735928,8.000000,-1.459664
6.901893,27.660146,8.000000,-1.462272
6.850634,27.566882,8.000000,-1.464677
6.766188,27.458201,8.000000,-1.466915
6.652133,27.336168,8.000000,-1.469023
6.512045,27.202848,8.000000,-1.471038
6.349502,27.060307,8.000000,-1.472997
6.168081,26.910608,8.000000,-1.474936
5.971359,26.755817,8.000000,-1.476892
5.762915,26.598000,8.000000,-1.478901
5.546324,26.439220,8.000000,-1.481001
5.325164,26.281543,8.000000,-1.483228
5.103013,26.127035,8.000000,-1.485618
4.883448,25.977759,8.000000,-1.488209
4.670046,25.835781,8.000000,-1.491037
4.466384,25.703166,8.000000,-1.494138
4.276039,25.581979,8.000000,-1.497550
4.102589,25.474285,8.000000,-1.501310
3.949063,25.381808,8.000000,-1.505438
3.816224,25.304871,8.000000,-1.509900
3.704255,25.243434,8.000000,-1.514645
3.613339,25.197458,8.000000,-1.519620
3.543658,25.166904,8.000000,-1.524774
3.495394,25.151732,8.000000,-1.530056
3.468730,25.151903,8.000000,-1.535416
3.463847,25.167377,8.000000,-1.540801
3.480929,25.198116,8.000000,-1.546160
3.520157,25.244081,8.000000,-1.551442
3.581713,25.305231,8.000000,-1.556596
3.665781,25.381528,8.000000,-1.561570
3.772542,25.472932,8.000000,-1.566313
3.902179,25.579404,8.000000,-1.570773
4.054874,25.700906,8.000000,-1.574900
4.230809,25.837396,8.000000,-1.578643
4.430166,25.988837,8.000000,-1.581949
4.653071,26.155147,8.000000,-1.584768
4.898072,26.335101,8.000000,-1.587084
5.161998,26.526223,8.000000,-1.588914
5.441586,26.725972,8.000000,-1.590278
5.733576,26.931809,8.000000,-1.591196
6.034707,27.141193,8.000000,-1.591687
6.341718,27.351584,8.000000,-1.591772
6.651347,27.560443,8.000000,-1.591470
6.960334,27.765228,8.000000,-1.590801
7.265418,27.963400,8.000000,-1.589785
7.563338,28.152418,8.000000,-1.588441
7.850832,28.329744,8.000000,-1.586791
8.124640,28.492835,8.000000,-1.584853
8.381500,28.639153,8.000000,-1.582647
8.618152,28.766156,8.000000,-1.580193
8.831335,28.871306,8.000000,-1.577511
9.017787,28.952061,8.000000,-1.574620
9.174248,29.005882,8.000000,-1.571541
9.298063,29.030908,8.000000,-1.568293
9.389480,29.028529,8.000000,-1.564888
9.449610,29.001104,8.000000,-1.561337
9.479567,28.950994,8.000000,-1.557654
9.480464,28.880559,8.000000,-1.553847
9.453415,28.792159,8.000000,-1.549931
9.399532,28.688154,8.000000,-1.545915
9.319929,28.570905,8.000000,-1.541811
9.215719,28.442771,8.000000,-1.537631
9.088014,28.306113,8.000000,-1.533387
8.937928,28.163291,8.000000,-1.529089
8.766575,28.016665,8.000000,-1.524750
8.575067,27.868594,8.000000,-1.520380
8.364517,27.721440,8.000000,-1.515992
8.136039,27.577563,8.000000,-1.511596
7.890745,27.439322,8.000000,-1.507205
7.629749,27.309077,8.000000,-1.502830
7.354179,27.189162,8.000000,-1.498482
7.065696,27.080940,8.000000,-1.494193
6.766628,26.984567,8.000000,-1.490019
6.459342,26.900123,8.000000,-1.486017
6.146207,26.827689,8.000000,-1.482244
5.829590,26.767343,8.000000,-1.478757
5.511860,26.719167,8.000000,-1.475612
5.195385,26.683241,8.000000,-1.472868
4.882534,26.659644,8.000000,-1.470580
4.575674,26.648457,8.000000,-1.468807
4.277174,26.649759,8.000000,-1.467604
3.989402,26.663632,8.000000,-1.467030
3.714726,26.690155,8.000000,-1.467141
3.455514,26.729408,8.000000,-1.467994
3.214135,26.781471,8.000000,-1.469647
2.992957,26.846424,8.000000,-1.472156
2.794347,26.924348,8.000000,-1.475578
2.620675,27.015323,8.000000,-1.479971
2.473866,27.119239,8.000000,-1.485376
2.353387,27.234935,8.000000,-1.491755
2.257857,27.360885,8.000000,-1.499038
2.185893,27.495564,8.000000,-1.507158
2.136113,27.637447,8.000000,-1.516047
2.107134,27.785006,8.000000,-1.525636
2.097574,27.936718,8.000000,-1.535858
2.106050,28.091057,8.000000,-1.546644
2.131179,28.246496,8.000000,-1.557926
2.171579,28.401510,8.000000,-1.569636
2.225868,28.554574,8.000000,-1.581706
2.292663,28.704161,8.000000,-1.594068
2.370581,28.848748,8.000000,-1.606654
2.458240,28.986806,8.000000,-1.619395
2.554258,29.116812,8.000000,-1.632223
2.657251,29.237240,8.000000,-1.645071
2.765838,29.346564,8.000000,-1.657870
2.878637,29.443271,8.000000,-1.670553
2.994375,29.526511,8.000000,-1.683085
3.111927,29.596369,8.000000,-1.695480
3.230178,29.653000,8.000000,-1.707754
3.348017,29.696561,8.000000,-1.719923
3.464330,29.727209,8.000000,-1.732004
3.578004,29.745100,8.000000,-1.744014
3.687925,29.750390,8.000000,-1.755970
3.792981,29.743237,8.000000,-1.767886
3.892057,29.723796,8.000000,-1.779781
3.984042,29.692224,8.000000,-1.791671
4.067821,29.648677,8.000000,-1.803572
4.142281,29.593311,8.000000,-1.815500
4.206309,29.526284,8.000000,-1.827473
4.258792,29.447751,8.000000,-1.839506
4.298617,29.357870,8.000000,-1.851617
4.324671,29.256795,8.000000,-1.863822
4.335839,29.144685,8.000000,-1.876137
4.331369,29.021949,8.000000,-1.888570
4.312829,28.890647,8.000000,-1.901067
4.282718,28.753493,8.000000,-1.913550
4.243533,28.613205,8.000000,-1.925943
4.197774,28.472500,8.000000,-1.938168
4.147939,28.334094,8.000000,-1.950146
4.096529,28.200706,8.000000,-1.961801
4.046041,28.075051,8.000000,-1.973056
3.998975,27.959847,8.000000,-1.983831
3.957829,27.857811,8.000000,-1.994051
3.925104,27.771660,8.000000,-2.003637
3.903297,27.704112,8.000000,-2.012512
3.894908,27.657882,8.000000,-2.020599
3.902436,27.635688,8.000000,-2.027819
3.928379,27.640247,8.000000,-2.034096
3.975238,27.674277,8.000000,-2.039352
4.045510,27.740494,8.000000,-2.043508
4.141665,27.841580,8.000000,-2.046490
4.264181,27.977889,8.000000,-2.048268
4.410307,28.145998,8.000000,-2.048898
4.576998,28.342140,8.000000,-2.048440
4.761209,28.562547,8.000000,-2.046954
4.959894,28.803453,8.000000,-2.044503
5.170009,29.061090,8.000000,-2.041147
5.388508,29.331692,8.000000,-2.036946
5.612345,29.611492,8.000000,-2.031963
5.838477,29.896722,8.000000,-2.026257
6.063857,30.183615,8.000000,-2.019890
6.285441,30.468404,8.000000,-2.012923
6.500184,30.747323,8.000000,-2.005416
6.705039,31.016604,8.000000,-1.997432
6.896962,31.272479,8.000000,-1.989030
7.072909,31.511183,8.000000,-1.980271
7.229833,31.728948,8.000000,-1.971218
7.364689,31.922006,8.000000,-1.961929
7.474856,32.087022,8.000000,-1.952465
7.560916,32.223925,8.000000,-1.942864
7.624923,32.334138,8.000000,-1.933155
7.668935,32.419094,8.000000,-1.923368
7.695014,32.480227,8.000000,-1.913533
7.705219,32.518969,8.000000,-1.903679
7.701610,32.536751,8.000000,-1.893836
7.686248,32.535008,8.000000,-1.884034
7.661192,32.515172,8.000000,-1.874302
7.628503,32.478674,8.000000,-1.864670
7.590241,32.426949,8.000000,-1.855167
7.548466,32.361428,8.000000,-1.845824
7.505237,32.283544,8.000000,-1.836670
7.462616,32.194729,8.000000,-1.827734
7.422662,32.096417,8.000000,-1.819047
7.387435,31.990040,8.000000,-1.810637
7.358995,31.877030,8.000000,-1.802535
7.339393,31.758817,8.000000,-1.794770
7.329742,31.636403,8.000000,-1.787366
7.329413,31.510010,8.000000,-1.780335
7.337592,31.379770,8.000000,-1.773689
7.353462,31.245817,8.000000,-1.767439
7.376208,31.108286,8.000000,-1.761597
7.405013,30.967311,8.000000,-1.756174
7.439063,30.823025,8.000000,-1.751182
7.477540,30.675562,8.000000,-1.746632
7.519631,30.525057,8.000000,-1.742535
7.564518,30.371644,8.000000,-1.738903
7.611386,30.215456,8.000000,-1.735748
7.659419,30.056628,8.000000,-1.733081
7.707802,29.895293,8.000000,-1.730913
7.755718,29.731585,8.000000,-1.729255
7.802353,29.565639,8.000000,-1.728120
7.846889,29.397589,8.000000,-1.727519
7.888512,29.227568,8.000000,-1.727462
7.926416,29.055752,8.000000,-1.727956
7.959885,28.882696,8.000000,-1.728945
7.988254,28.709150,8.000000,-1.730345
8.010853,28.535869,8.000000,-1.732071
8.027018,28.363604,8.000000,-1.734036
8.036081,28.193110,8.000000,-1.736157
8.037375,28.025140,8.000000,-1.738347
8.030233,27.860448,8.000000,-1.740521
8.013989,27.699786,8.000000,-1.742593
7.987975,27.543907,8.000000,-1.744480
7.951526,27.393566,8.000000,-1.746094
7.903973,27.249516,8.000000,-1.747351
7.844650,27.112509,8.000000,-1.748166
7.772891,26.983299,8.000000,-1.748452
7.688028,26.862639,8.000000,-1.748126
7.589394,26.751284,8.000000,-1.747101
7.476323,26.649985,8.000000,-1.745292
7.348152,26.559495,8.000000,-1.742614
7.204931,26.480130,8.000000,-1.739023
7.048220,26.411289,8.000000,-1.734561
6.879773,26.352256,8.000000,-1.729282
6.701345,26.302310,8.000000,-1.723238
6.514688,26.260735,8.000000,-1.716484
6.321559,26.226811,8.000000,-1.709074
6.123709,26.199821,8.000000,-1.701059
5.922894,26.179045,8.000000,-1.692495
5.720867,26.163766,8.000000,-1.683434
5.519383,26.153266,8.000000,-1.673930
5.320195,26.146826,8.000000,-1.664036
5.125057,26.143728,8.000000,-1.653806
4.935723,26.143253,8.000000,-1.643293
4.753948,26.144683,8.000000,-1.632551
4.581486,26.147301,8.000000,-1.621633
4.420089,26.150387,8.000000,-1.610592
4.271513,26.153223,8.000000,-1.599483
4.137355,26.155199,8.000000,-1.588355
4.017558,26.156827,8.000000,-1.577230
3.911071,26.159302,8.000000,-1.566109
3.816829,26.163824,8.000000,-1.554994
3.733766,26.171595,8.000000,-1.543889
3.660818,26.183817,8.000000,-1.532794
3.596921,26.201691,8.000000,-1.521713
3.541008,26.226419,8.000000,-1.510646
3.492015,26.259203,8.000000,-1.499597
3.448878,26.301243,8.000000,-1.488567
3.410530,26.353742,8.000000,-1.477559
3.375908,26.417901,8.000000,-1.466575
3.343946,26.494922,8.000000,-1.455616
3.313580,26.586007,8.000000,-1.444685
3.283744,26.692356,8.000000,-1.433784
3.253374,26.815171,8.000000,-1.422915
3.221404,26.955655,8.000000,-1.412081
3.186771,27.115006,8.000000,-1.401283
3.148875,27.293622,8.000000,-1.390526
3.108248,27.489946,8.000000,-1.379823
3.065589,27.702127,8.000000,-1.369185
3.021599,27.928317,8.000000,-1.358625
2.976980,28.166665,8.000000,-1.348157
2.932430,28.415321,8.000000,-1.337792
2.888651,28.672435,8.000000,-1.327543
2.846343,28.936158,8.000000,-1.317424
2.806207,29.204640,8.000000,-1.307447
2.768942,29.476031,8.000000,-1.297624
2.735250,29.748480,8.000000,-1.287969
2.705832,30.020139,8.000000,-1.278493
2.681386,30.289157,8.000000,-1.269210
2.662615,30.553685,8.000000,-1.260132
2.650217,30.811872,8.000000,-1.251273
2.644895,31.061869,8.000000,-1.242643
2.647348,31.301826,8.000000,-1.234258
2.658247,31.529973,8.000000,-1.226130
2.677885,31.745561,8.000000,-1.218297
2.706300,31.948542,8.000000,-1.210809
2.743521,32.138879,8.000000,-1.203720
2.789579,32.316536,8.000000,-1.197081
2.844505,32.481478,8.000000,-1.190944
2.908328,32.633670,8.000000,-1.185361
2.981081,32.773075,8.000000,-1.180384
3.062792,32.899657,8.000000,-1.176066
3.153494,33.013382,8.000000,-1.172458
3.253216,33.114213,8.000000,-1.169612
3.361990,33.202115,8.000000,-1.167580
3.479845,33.277051,8.000000,-1.166415
3.606813,33.338987,8.000000,-1.166167
3.742924,33.387887,8.000000,-1.166891
3.888208,33.423714,8.000000,-1.168636
4.042697,33.446433,8.000000,-1.171456
4.206420,33.456009,8.000000,-1.175402
4.378802,33.452580,8.000000,-1.180485
4.557566,33.436773,8.000000,-1.186598
4.740140,33.409298,8.000000,-1.193614
4.923950,33.370868,8.000000,-1.201407
5.106422,33.322196,8.000000,-1.209850
5.284984,33.263991,8.000000,-1.218815
5.457060,33.196968,8.000000,-1.228177
5.620080,33.121836,8.000000,-1.237808
5.771468,33.039308,8.000000,-1.247581
5.908651,32.950096,8.000000,-1.257369
6.029057,32.854912,8.000000,-1.267046
6.130111,32.754467,8.000000,-1.276484
6.209240,32.649474,8.000000,-1.285558
6.263871,32.540643,8.000000,-1.294139
6.291431,32.428687,8.000000,-1.302102
6.289346,32.314318,8.000000,-1.309318
6.255042,32.198247,8.000000,-1.315663
6.186168,32.081175,8.000000,-1.321015
6.083765,31.963620,8.000000,-1.325366
5.951527,31.845960,8.000000,-1.328794
5.793219,31.728568,8.000000,-1.331381
5.612605,31.611819,8.000000,-1.333206
5.413451,31.496086,8.000000,-1.334350
5.199521,31.381743,8.000000,-1.334894
4.974580,31.269163,8.000000,-1.334918
4.742393,31.158720,8.000000,-1.334502
4.506725,31.050788,8.000000,-1.333727
4.271340,30.945741,8.000000,-1.332675
4.040004,30.843952,8.000000,-1.331424
3.816482,30.745794,8.000000,-1.330056
3.604537,30.651643,8.000000,-1.328651
3.407935,30.561871,8.000000,-1.327290
3.230441,30.476852,8.000000,-1.326054
3.075820,30.396960,8.000000,-1.325022
2.947836,30.322569,8.000000,-1.324276
2.849280,30.254030,8.000000,-1.323882
2.779775,30.191626,8.000000,-1.323868
2.738302,30.135626,8.000000,-1.324251
2.723840,30.086297,8.000000,-1.325048
2.735371,30.043908,8.000000,-1.326277
2.771875,30.008727,8.000000,-1.327956
2.832332,29.981023,8.000000,-1.330102
2.915723,29.961062,8.000000,-1.332734
3.021028,29.949115,8.000000,-1.335868
3.147227,29.945448,8.000000,-1.339522
3.293302,29.950330,8.000000,-1.343714
3.458231,29.964029,8.000000,-1.348461
3.640997,29.986814,8.000000,-1.353782
3.840579,30.018953,8.000000,-1.359693
4.055957,30.060713,8.000000,-1.366213
4.286113,30.112364,8.000000,-1.373359
4.530026,30.174173,8.000000,-1.381149
4.786652,30.246346,8.000000,-1.389596
5.054466,30.327912,8.000000,-1.398653
5.331519,30.416855,8.000000,-1.408217
5.615846,30.511120,8.000000,-1.418181
5.905482,30.608653,8.000000,-1.428439
6.198462,30.707401,8.000000,-1.438886
6.492821,30.805309,8.000000,-1.449416
6.786595,30.900324,8.000000,-1.459924
7.077818,30.990391,8.000000,-1.470303
7.364526,31.073457,8.000000,-1.480448
7.644753,31.147468,8.000000,-1.490253
7.916535,31.210369,8.000000,-1.499612
8.177908,31.260107,8.000000,-1.508420
8.426905,31.294627,8.000000,-1.516572
8.661562,31.311877,8.000000,-1.523960
8.879915,31.309801,8.000000,-1.530480
9.079999,31.286347,8.000000,-1.536025
9.259848,31.239459,8.000000,-1.540490
9.418035,31.167857,8.000000,-1.543807
9.555160,31.073172,8.000000,-1.546044
9.672298,30.957720,8.000000,-1.547306
9.770527,30.823817,8.000000,-1.547694
9.850922,30.673781,8.000000,-1.547311
9.914560,30.509929,8.000000,-1.546261
9.962518,30.334577,8.000000,-1.544645
9.995872,30.150043,8.000000,-1.542566
10.015698,29.958642,8.000000,-1.540128
10.023073,29.762691,8.000000,-1.537433
10.019073,29.564509,8.000000,-1.534584
10.004775,29.366410,8.000000,-1.531683
9.981255,29.170713,8.000000,-1.528834
9.949589,28.979733,8.000000,-1.526138
9.910855,28.795788,8.000000,-1.523699
9.866127,28.621194,8.000000,-1.521619
9.816484,28.458268,8.000000,-1.520002
9.762956,28.309282,8.000000,-1.518946
9.705527,28.175444,8.000000,-1.518455
9.643118,28.056882,8.000000,-1.518438
9.574602,27.953680,8.000000,-1.518801
9.498852,27.865920,8.000000,-1.519448
9.414744,27.793682,8.000000,-1.520284
9.321149,27.737050,8.000000,-1.521213
9.216941,27.696105,8.000000,-1.522141
9.100995,27.670929,8.000000,-1.522973
8.972184,27.661604,8.000000,-1.523613
8.829380,27.668212,8.000000,-1.523966
8.671459,27.690835,8.000000,-1.523937
8.497292,27.729554,8.000000,-1.523431
8.305755,27.784453,8.000000,-1.522352
8.095721,27.855613,8.000000,-1.520606
7.866062,27.943115,8.000000,-1.518097
7.615653,28.047042,8.000000,-1.514730
7.343367,28.167476,8.000000,-1.510410
7.048991,28.304067,8.000000,-1.505068
6.736305,28.454573,8.000000,-1.498752
6.410180,28.616237,8.000000,-1.491540
6.075486,28.786303,8.000000,-1.483512
5.737095,28.962012,8.000000,-1.474747
5.399878,29.140607,8.000000,-1.465324
5.068706,29.319332,8.000000,-1.455321
4.748451,29.495428,8.000000,-1.444819
4.443982,29.666138,8.000000,-1.433896
4.160171,29.828706,8.000000,-1.422630
3.901889,29.980373,8.000000,-1.411102
3.674008,30.118382,8.000000,-1.399390
3.481398,30.239976,8.000000,-1.387574
3.328930,30.342399,8.000000,-1.375732
3.221475,30.422891,8.000000,-1.363943
3.163905,30.478696,8.000000,-1.352287
3.161091,30.507057,8.000000,-1.340842
3.217721,30.505306,8.000000,-1.329687
3.333007,30.473463,8.000000,-1.318842
3.499844,30.414650,8.000000,-1.308266
3.710778,30.332160,8.000000,-1.297913
3.958353,30.229286,8.000000,-1.287739
4.235116,30.109321,8.000000,-1.277697
4.533611,29.975559,8.000000,-1.267743
4.846384,29.831293,8.000000,-1.257831
5.165979,29.679815,8.000000,-1.247915
5.484943,29.524419,8.000000,-1.237951
5.795821,29.368399,8.000000,-1.227893
6.091157,29.215047,8.000000,-1.217695
6.363498,29.067656,8.000000,-1.207313
6.605388,28.929519,8.000000,-1.196701
6.809374,28.803930,8.000000,-1.185813
6.967999,28.694183,8.000000,-1.174604
7.073809,28.603569,8.000000,-1.163029
7.119351,28.535382,8.000000,-1.151042
7.099017,28.492081,8.000000,-1.138614
7.016587,28.471889,8.000000,-1.125796
6.878814,28.471688,8.000000,-1.112665
6.692449,28.488358,8.000000,-1.099295
6.464246,28.518781,8.000000,-1.085765
6.200956,28.559838,8.000000,-1.072150
5.909333,28.608410,8.000000,-1.058526
5.596130,28.661378,8.000000,-1.044970
5.268099,28.715623,8.000000,-1.031559
4.931992,28.768027,8.000000,-1.018369
4.594563,28.815470,8.000000,-1.005475
4.262563,28.854835,8.000000,-0.992955
3.942747,28.883001,8.000000,-0.980885
3.641866,28.896850,8.000000,-0.969342
3.366672,28.893263,8.000000,-0.958400
3.123920,28.869122,8.000000,-0.948138
2.920360,28.821307,8.000000,-0.938631
2.762643,28.746768,8.000000,-0.929955
2.653278,28.645162,8.000000,-0.922142
2.589344,28.519701,8.000000,-0.915168
2.567550,28.373839,8.000000,-0.909005
2.584606,28.211029,8.000000,-0.903625
2.637220,28.034725,8.000000,-0.899000
2.722104,27.848381,8.000000,-0.895102
2.835965,27.655449,8.000000,-0.891904
2.975514,27.459384,8.000000,-0.889377
3.137459,27.263639,8.000000,-0.887494
3.318512,27.071667,8.000000,-0.886227
3.515380,26.886923,8.000000,-0.885548
3.724773,26.712859,8.000000,-0.885428
3.943402,26.552929,8.000000,-0.885840
4.167974,26.410587,8.000000,-0.886757
4.395201,26.289287,8.000000,-0.888150
4.621791,26.192481,8.000000,-0.889991
4.844453,26.123623,8.000000,-0.892252
5.060192,26.085620,8.000000,-0.894905
5.267743,26.078144,8.000000,-0.897908
5.466480,26.099682,8.000000,-0.901220
5.655774,26.148724,8.000000,-0.904796
5.834997,26.223755,8.000000,-0.908593
6.003524,26.323263,8.000000,-0.912568
6.160726,26.445736,8.000000,-0.916678
6.305976,26.589660,8.000000,-0.920880
6.438647,26.753522,8.000000,-0.925129
6.558111,26.935810,8.000000,-0.929383
6.663741,27.135010,8.000000,-0.933598
6.754910,27.349611,8.000000,-0.937731
6.830990,27.578099,8.000000,-0.941740
6.891355,27.818961,8.000000,-0.945579
6.935376,28.070685,8.000000,-0.949207
6.962426,28.331758,8.000000,-0.952580
6.971878,28.600666,8.000000,-0.955654
6.963116,28.875899,8.000000,-0.958387
6.936179,29.156005,8.000000,-0.960753
6.892081,29.439625,8.000000,-0.962758
6.831916,29.725406,8.000000,-0.964405
6.756778,30.011998,8.000000,-0.965700
6.667764,30.298046,8.000000,-0.966649
6.565967,30.582200,8.000000,-0.967258
6.452482,30.863107,8.000000,-0.967532
6.328404,31.139416,8.000000,-0.967476
6.194827,31.409773,8.000000,-0.967096
6.052846,31.672827,8.000000,-0.966398
5.903556,31.927226,8.000000,-0.965386
5.748052,32.171618,8.000000,-0.964067
5.587427,32.404650,8.000000,-0.962447
5.422778,32.624971,8.000000,-0.960529
5.255198,32.831228,8.000000,-0.958321
5.085782,33.022069,8.000000,-0.955828
4.915625,33.196142,8.000000,-0.953054
4.745855,33.352235,8.000000,-0.950013
4.577834,33.490091,8.000000,-0.946758
4.413022,33.609859,8.000000,-0.943364
4.252878,33.711690,8.000000,-0.939904
4.098864,33.795734,8.000000,-0.936451
3.952439,33.862141,8.000000,-0.933079
3.815063,33.911060,8.000000,-0.929862
3.688197,33.942643,8.000000,-0.926872
3.573300,33.957039,8.000000,-0.924183
3.471833,33.954398,8.000000,-0.921869
3.385256,33.934870,8.000000,-0.920004
3.315029,33.898606,8.000000,-0.918659
3.262612,33.845755,8.000000,-0.917910
3.229466,33.776468,8.000000,-0.917830
3.217051,33.690895,8.000000,-0.918491
3.226826,33.589186,8.000000,-0.919968
3.260252,33.471490,8.000000,-0.922334
3.318769,33.337966,8.000000,-0.925662
3.402246,33.189310,8.000000,-0.929974
3.507864,33.027146,8.000000,-0.935207
3.632542,32.853185,8.000000,-0.941290
3.773198,32.669141,8.000000,-0.948151
3.926753,32.476726,8.000000,-0.955719
4.090124,32.277653,8.000000,-0.963922
4.260230,32.073634,8.000000,-0.972689
4.433990,31.866383,8.000000,-0.981949
4.608324,31.657611,8.000000,-0.991629
4.780149,31.449032,8.000000,-1.001658
4.946385,31.242359,8.000000,-1.011964
5.103951,31.039303,8.000000,-1.022477
5.249765,30.841579,8.000000,-1.033125
5.380746,30.650897,8.000000,-1.043836
5.493813,30.468972,8.000000,-1.054538
5.585885,30.297516,8.000000,-1.065161
5.653881,30.138241,8.000000,-1.075632
5.695099,29.992637,8.000000,-1.085885
5.709908,29.860389,8.000000,-1.095885
5.700161,29.740307,8.000000,-1.105615
5.667724,29.631195,8.000000,-1.115059
5.614460,29.531858,8.000000,-1.124199
5.542234,29.441102,8.000000,-1.133017
5.452910,29.357730,8.000000,-1.141497
5.348352,29.280548,8.000000,-1.149622
5.230424,29.208359,8.000000,-1.157374
5.100992,29.139970,8.000000,-1.164736
4.961918,29.074184,8.000000,-1.171691
4.815068,29.009807,8.000000,-1.178221
4.662305,28.945642,8.000000,-1.184311
4.505495,28.880496,8.000000,-1.189941
4.346500,28.813171,8.000000,-1.195096
4.187186,28.742474,8.000000,-1.199757
4.029416,28.667209,8.000000,-1.203909
3.875053,28.586189,8.000000,-1.207533
3.725595,28.499293,8.000000,-1.210623
3.581836,28.408488,8.000000,-1.213195
3.444485,28.315978,8.000000,-1.215264
3.314254,28.223970,8.000000,-1.216849
3.191852,28.134670,8.000000,-1.217966
3.077992,28.050285,8.000000,-1.218632
2.973382,27.973020,8.000000,-1.218864
2.878734,27.905083,8.000000,-1.218680
2.794759,27.848679,8.000000,-1.218097
2.722166,27.806014,8.000000,-1.217131
2.661667,27.779296,8.000000,-1.215800
2.613971,27.770729,8.000000,-1.214121
2.579791,27.782521,8.000000,-1.212110
2.559836,27.816877,8.000000,-1.209786
2.554816,27.876004,8.000000,-1.207164
2.565443,27.962108,8.000000,-1.204263
2.592427,28.077395,8.000000,-1.201098
2.636383,28.223686,8.000000,-1.197693
2.697020,28.399118,8.000000,-1.194111
2.773541,28.599784,8.000000,-1.190442
2.865145,28.821756,8.000000,-1.186775
2.971032,29.061107,8.000000,-1.183198
3.090399,29.313909,8.000000,-1.179802
3.222446,29.576234,8.000000,-1.176674
3.366373,29.844154,8.000000,-1.173905
3.521377,30.113741,8.000000,-1.171584
3.686657,30.381068,8.000000,-1.169799
3.861413,30.642206,8.000000,-1.168640
4.044843,30.893227,8.000000,-1.168196
4.236147,31.130204,8.000000,-1.168556
4.434523,31.349210,8.000000,-1.169810
4.639169,31.546315,8.000000,-1.172046
4.849286,31.717592,8.000000,-1.175353
5.064071,31.859114,8.000000,-1.179821
5.282723,31.966959,8.000000,-1.185539
5.504123,32.038860,8.000000,-1.192527
5.726448,32.076253,8.000000,-1.200654
5.947778,32.081079,8.000000,-1.209768
6.166194,32.055280,8.000000,-1.219716
6.379774,32.000797,8.000000,-1.230347
6.586599,31.919571,8.000000,-1.241507
6.784749,31.813544,8.000000,-1.253045
6.972305,31.684656,8.000000,-1.264807
7.147345,31.534850,8.000000,-1.276643
7.307951,31.366066,8.000000,-1.288400
7.452201,31.180246,8.000000,-1.299925
7.578177,30.979330,8.000000,-1.311066
7.683958,30.765261,8.000000,-1.321670
7.767624,30.539980,8.000000,-1.331587
7.827255,30.305428,8.000000,-1.340662
7.860931,30.063545,8.000000,-1.348744
7.866733,29.816274,8.000000,-1.355681
7.842982,29.565569,8.000000,-1.361333
7.790759,29.313523,8.000000,-1.365694
7.712887,29.062320,8.000000,-1.368849
7.612221,28.814145,8.000000,-1.370879
7.491615,28.571184,8.000000,-1.371869
7.353921,28.335621,8.000000,-1.371903
7.201993,28.109641,8.000000,-1.371064
7.038685,27.895430,8.000000,-1.369435
6.866849,27.695173,8.000000,-1.367101
6.689340,27.511053,8.000000,-1.364145
6.509010,27.345257,8.000000,-1.360650
6.328714,27.199970,8.000000,-1.356701
6.151303,27.077376,8.000000,-1.352380
5.979633,26.979661,8.000000,-1.347772
5.816556,26.909010,8.000000,-1.342960
5.664926,26.867607,8.000000,-1.338028
5.527596,26.857638,8.000000,-1.333060
5.407417,26.881285,8.000000,-1.328138
5.306237,26.939442,8.000000,-1.323315
5.223314,27.029678,8.000000,-1.318560
5.157493,27.149034,8.000000,-1.313829
5.107618,27.294549,8.000000,-1.309079
5.072536,27.463262,8.000000,-1.304264
5.051091,27.652214,8.000000,-1.299343
5.042127,27.858444,8.000000,-1.294270
5.044491,28.078992,8.000000,-1.289003
5.057028,28.310898,8.000000,-1.283497
5.078581,28.551201,8.000000,-1.277708
5.107997,28.796942,8.000000,-1.271593
5.144120,29.045160,8.000000,-1.265107
5.185797,29.292895,8.000000,-1.258208
5.231870,29.537187,8.000000,-1.250851
5.281187,29.775075,8.000000,-1.242992
5.332591,30.003599,8.000000,-1.234588
5.384928,30.219800,8.000000,-1.225594
5.437094,30.420852,8.000000,-1.215974
5.488681,30.605788,8.000000,-1.205778
5.539783,30.774981,8.000000,-1.195121
5.590506,30.928837,8.000000,-1.184118
5.640956,31.067757,8.000000,-1.172886
5.691238,31.192147,8.000000,-1.161541
5.741459,31.302410,8.000000,-1.150198
5.791723,31.398949,8.000000,-1.138974
5.842138,31.482170,8.000000,-1.127984
5.892808,31.552474,8.000000,-1.117345
5.943839,31.610268,8.000000,-1.107171
5.995338,31.655953,8.000000,-1.097581
6.047409,31.689934,8.000000,-1.088688
6.100160,31.712615,8.000000,-1.080610
6.153694,31.724399,8.000000,-1.073461
6.208119,31.725691,8.000000,-1.067359
6.263540,31.716894,8.000000,-1.062419
6.320062,31.698413,8.000000,-1.058757
6.377728,31.670697,8.000000,-1.056450
6.436385,31.634340,8.000000,-1.055459
6.495846,31.589960,8.000000,-1.055722
6.555924,31.538175,8.000000,-1.057178
6.616431,31.479604,8.000000,-1.059768
6.677182,31.414865,8.000000,-1.063430
6.737988,31.344577,8.000000,-1.068103
6.798663,31.269357,8.000000,-1.073726
6.859019,31.189825,8.000000,-1.080238
6.918868,31.106599,8.000000,-1.087579
6.978025,31.020296,8.000000,-1.095687
7.036302,30.931536,8.000000,-1.104502
7.093511,30.840937,8.000000,-1.113963
7.149465,30.749117,8.000000,-1.124009
7.203978,30.656695,8.000000,-1.134578
7.256862,30.564288,8.000000,-1.145611
7.307930,30.472517,8.000000,-1.157045
7.356992,30.381959,8.000000,-1.168820
7.403813,30.292554,8.000000,-1.180838
7.448121,30.203710,8.000000,-1.192981
7.489643,30.114822,8.000000,-1.205125
7.528105,30.025284,8.000000,-1.217150
7.563235,29.934489,8.000000,-1.228932
7.594759,29.841830,8.000000,-1.240352
7.622403,29.746703,8.000000,-1.251286
7.645896,29.648500,8.000000,-1.261613
7.664963,29.546616,8.000000,-1.271211
7.679331,29.440444,8.000000,-1.279959
7.688727,29.329378,8.000000,-1.287735
7.692877,29.212812,8.000000,-1.294416
7.691510,29.090140,8.000000,-1.299882
7.684350,28.960755,8.000000,-1.304010
7.671126,28.824051,8.000000,-1.306679
7.651564,28.679423,8.000000,-1.307766
7.625390,28.526263,8.000000,-1.307151
7.592516,28.364332,8.000000,-1.304765
7.553489,28.194649,8.000000,-1.300729
7.508990,28.018504,8.000000,-1.295202
7.459705,27.837191,8.000000,-1.288346
7.406315,27.651999,8.000000,-1.280320
7.349504,27.464220,8.000000,-1.271285
7.289956,27.275146,8.000000,-1.261401
7.228354,27.086068,8.000000,-1.250828
7.165381,26.898276,8.000000,-1.239726
7.101721,26.713063,8.000000,-1.228256
7.038056,26.531720,8.000000,-1.216579
6.975070,26.355537,8.000000,-1.204853
6.913446,26.185807,8.000000,-1.193241
6.853868,26.023820,8.000000,-1.181901
6.797019,25.870868,8.000000,-1.170994
6.743581,25.728242,8.000000,-1.160681
6.694240,25.597234,8.000000,-1.151122
6.649653,25.479085,8.000000,-1.142471
6.610000,25.374016,8.000000,-1.134777
6.575006,25.281293,8.000000,-1.127987
6.544380,25.200145,8.000000,-1.122045
6.517831,25.129799,8.000000,-1.116894
6.495068,25.069484,8.000000,-1.112477
6.475799,25.018429,8.000000,-1.108738
6.459734,24.975861,8.000000,-1.105621
6.446581,24.941010,8.000000,-1.103069
6.436049,24.913103,8.000000,-1.101026
6.427846,24.891369,8.000000,-1.099434
6.421682,24.875036,8.000000,-1.098238
6.417266,24.863333,8.000000,-1.097381
6.414305,24.855489,8.000000,-1.096807
6.412509,24.850730,8.000000,-1.096458
6.411587,24.848287,8.000000,-1.096279
6.411247,24.847387,8.000000,-1.096214
6.411199,24.847258,8.000000,-1.096204
