17.555621,13.345306,6.417057,1.118326
17.554676,13.345009,6.417124,1.118321
17.548061,13.342929,6.417593,1.118289
17.530105,13.337283,6.418866,1.118200
17.495138,13.326289,6.421345,1.118026
17.437490,13.308163,6.425432,1.117741
17.351491,13.281123,6.431529,1.117315
17.231469,13.243386,6.440038,1.116720
17.071756,13.193169,6.451361,1.115929
16.866680,13.128690,6.465900,1.114913
16.610572,13.048164,6.484057,1.113644
16.297761,12.949810,6.506234,1.112094
15.922576,12.831845,6.532833,1.110235
15.479348,12.692485,6.564256,1.108039
14.962406,12.529948,6.600904,1.105477
14.366080,12.342451,6.643181,1.102523
13.684699,12.128212,6.691488,1.099147
12.912594,11.885447,6.746227,1.095321
12.044439,11.612527,6.807786,1.091018
11.083858,11.311801,6.876200,1.086212
10.044022,10.989863,6.951122,1.080880
8.938563,10.653512,7.032190,1.074999
7.781118,10.309549,7.119041,1.068547
6.585320,9.964773,7.211311,1.061501
5.364805,9.625985,7.308638,1.053837
4.133207,9.299984,7.410658,1.045534
2.904160,8.993571,7.517008,1.036569
1.691299,8.713545,7.627324,1.026918
0.508259,8.466706,7.741244,1.016560
-0.631325,8.259855,7.858404,1.005471
-1.713820,8.099791,7.978441,0.993628
-2.725590,7.993314,8.100992,0.981009
-3.653001,7.947224,8.225694,0.967591
-4.482418,7.968322,8.352184,0.953352
-5.200207,8.063407,8.480097,0.938268
-5.792733,8.239279,8.609072,0.922317
-6.249630,8.499960,8.738738,0.905443
-6.575709,8.836579,8.868700,0.887442
-6.780177,9.236528,8.998551,0.868062
-6.872245,9.687196,9.127888,0.847056
-6.861120,10.175975,9.256304,0.824173
-6.756012,10.690255,9.383395,0.799165
-6.566130,11.217427,9.508757,0.771781
-6.300684,11.744882,9.631983,0.741772
-5.968882,12.260009,9.752669,0.708890
-5.579933,12.750201,9.870411,0.672884
-5.143047,13.202846,9.984802,0.633505
-4.667432,13.605337,10.095439,0.590503
-4.162298,13.945064,10.201915,0.543630
-3.636854,14.209417,10.303827,0.492636
-3.100309,14.385787,10.400769,0.437270
-2.561872,14.461564,10.492335,0.377285
-2.030752,14.424140,10.578122,0.312431
-1.516002,14.261230,10.657734,0.242471
-1.021424,13.971450,10.731089,0.167636
-0.544448,13.566654,10.798489,0.088719
-0.082120,13.059491,10.860258,0.006549
0.368517,12.462611,10.916721,-0.078046
0.810416,11.788665,10.968201,-0.164238
1.246532,11.050301,11.015024,-0.251198
1.679821,10.260171,11.057512,-0.338100
2.113236,9.430923,11.095992,-0.424113
2.549733,8.575208,11.130786,-0.508412
2.992266,7.705676,11.162219,-0.590166
3.443791,6.834977,11.190616,-0.668549
3.907262,5.975759,11.216301,-0.742731
4.385634,5.140675,11.239598,-0.811885
4.881861,4.342372,11.260831,-0.875183
5.398899,3.593502,11.280325,-0.931796
5.939702,2.906714,11.298404,-0.980897
6.507225,2.294658,11.315391,-1.021657
7.103339,1.768147,11.331555,-1.053436
7.724069,1.328091,11.346846,-1.076608
8.363481,0.972078,11.361113,-1.091889
9.015636,0.697691,11.374203,-1.099993
9.674598,0.502515,11.385963,-1.101636
10.334430,0.384133,11.396242,-1.097533
10.989195,0.340130,11.404885,-1.088399
11.632955,0.368091,11.411742,-1.074949
12.259773,0.465600,11.416659,-1.057897
12.863712,0.630240,11.419484,-1.037960
13.438836,0.859596,11.420064,-1.015853
13.979207,1.151253,11.418246,-0.992289
14.478888,1.502794,11.413879,-0.967985
14.931941,1.911804,11.406810,-0.943656
15.332430,2.375867,11.396885,-0.920017
15.674419,2.892568,11.383953,-0.897782
15.951968,3.459490,11.367861,-0.877667
16.159216,4.074177,11.348452,-0.860382
16.293617,4.732308,11.325391,-0.846389
16.357214,5.426986,11.298093,-0.835811
16.352386,6.151126,11.265956,-0.828742
16.281515,6.897642,11.228377,-0.825282
16.146979,7.659448,11.184754,-0.825525
15.951158,8.429459,11.134486,-0.829568
15.696432,9.200588,11.076969,-0.837509
15.385181,9.965751,11.011601,-0.849443
15.019784,10.717860,10.937779,-0.865468
14.602621,11.449832,10.854902,-0.885679
14.136072,12.154579,10.762367,-0.910174
13.622517,12.825017,10.659572,-0.939049
13.064335,13.454059,10.545914,-0.972401
12.463906,14.034620,10.420791,-1.010326
11.823610,14.559614,10.283601,-1.052921
11.145826,15.021955,10.133741,-1.100282
10.432935,15.414558,9.970608,-1.152507
9.687665,15.731386,9.793828,-1.209659
8.914940,15.972992,9.604445,-1.271609
8.120535,16.142482,9.404057,-1.338147
7.310226,16.242966,9.194262,-1.409064
6.489788,16.277556,8.976657,-1.484154
5.664997,16.249363,8.752840,-1.563207
4.841629,16.161498,8.524410,-1.646016
4.025460,16.017072,8.292963,-1.732371
3.222266,15.819197,8.060099,-1.822065
2.437823,15.570982,7.827415,-1.914890
1.677907,15.275540,7.596509,-2.010636
0.948294,14.935980,7.368979,-2.109097
0.254759,14.555416,7.146423,-2.210063
-0.396922,14.136956,6.930438,-2.313326
-1.000971,13.683714,6.722623,-2.418678
-1.551615,13.198799,6.524576,-2.525911
-2.043076,12.685322,6.337894,-2.634816
-2.469622,12.146404,6.164163,-2.745185
-2.828269,11.585696,6.004194,-2.856795
-3.120367,11.007692,5.857576,-2.969404
-3.347646,10.416958,5.723790,-3.082765
-3.511838,9.818061,5.602317,3.086553
-3.614675,9.215567,5.492638,2.972424
-3.657887,8.614045,5.394234,2.858281
-3.643207,8.018060,5.306587,2.744367
-3.572366,7.432180,5.229177,2.630929
-3.447095,6.860971,5.161485,2.518213
-3.269126,6.309000,5.102993,2.406464
-3.040191,5.780835,5.053181,2.295929
-2.762019,5.281041,5.011531,2.186851
-2.436344,4.814186,4.977524,2.079478
-2.064897,4.384837,4.950641,1.974054
-1.649408,3.997560,4.930363,1.870826
-1.191610,3.656923,4.916171,1.770039
-0.693234,3.367491,4.907547,1.671939
-0.156085,3.133102,4.903963,1.576782
0.417482,2.952219,4.904846,1.484900
1.024871,2.820914,4.909598,1.396662
1.663485,2.735245,4.917621,1.312434
2.330723,2.691274,4.928317,1.232584
3.023989,2.685059,4.941088,1.157480
3.740685,2.712662,4.955339,1.087488
4.478211,2.770141,4.970469,1.022977
5.233970,2.853556,4.985883,0.964314
6.005364,2.958968,5.000982,0.911866
6.789794,3.082435,5.015169,0.866001
7.584662,3.220019,5.027846,0.827086
8.387370,3.367779,5.038416,0.795488
9.195320,3.521774,5.046280,0.771576
10.005914,3.678065,5.050842,0.755715
10.816553,3.832711,5.051504,0.748275
11.624640,3.981773,5.047668,0.749622
12.427561,4.121329,5.038745,0.760118
13.221408,4.249229,5.024977,0.779577
13.999926,4.366519,5.008103,0.806825
14.756618,4.474579,4.990018,0.840584
15.484986,4.574788,4.972618,0.879577
16.178533,4.668528,4.957799,0.922526
16.830760,4.757177,4.947456,0.968154
17.435170,4.842116,4.943485,1.015184
17.985265,4.924725,4.947781,1.062339
18.474547,5.006384,4.962240,1.108340
18.896518,5.088472,4.988758,1.151910
19.244681,5.172370,5.029230,1.191772
19.512537,5.259458,5.085552,1.226649
19.693589,5.351115,5.159620,1.255262
19.781339,5.448722,5.253328,1.276336
19.769289,5.553659,5.368574,1.288591
19.650940,5.667306,5.507251,1.290751
19.419797,5.791042,5.671257,1.281539
19.070491,5.926065,5.862140,1.259831
18.607427,6.071996,6.078465,1.225844
18.040005,6.227647,6.317270,1.180475
17.377664,6.391828,6.575578,1.124630
16.629844,6.563346,6.850415,1.059214
15.805986,6.741007,7.138806,0.985131
14.915528,6.923619,7.437775,0.903286
13.967912,7.109991,7.744349,0.814584
12.972576,7.298929,8.055551,0.719929
11.938962,7.489241,8.368406,0.620227
10.876508,7.679734,8.679940,0.516381
9.794655,7.869216,8.987177,0.409296
8.702843,8.056495,9.287143,0.299878
7.610512,8.240378,9.576862,0.189031
6.527101,8.419672,9.853359,0.077660
5.462051,8.593185,10.113659,-0.033332
4.424801,8.759725,10.354787,-0.143038
3.424773,8.918097,10.573777,-0.250556
2.468447,9.066888,10.768984,-0.355286
1.556237,9.204234,10.941494,-0.457247
0.687802,9.328212,11.092733,-0.556538
-0.137195,9.436902,11.224123,-0.653257
-0.919093,9.528381,11.337090,-0.747502
-1.658230,9.600728,11.433056,-0.839372
-2.354947,9.652022,11.513446,-0.928963
-3.009580,9.680342,11.579685,-1.016375
-3.622469,9.683765,11.633196,-1.101705
-4.193953,9.660371,11.675403,-1.185051
-4.724369,9.608238,11.707730,-1.266511
-5.214058,9.525445,11.731602,-1.346184
-5.663357,9.410069,11.748442,-1.424167
-6.072605,9.260191,11.759675,-1.500559
-6.442141,9.073887,11.766724,-1.575457
-6.772303,8.849238,11.771014,-1.648960
-7.063430,8.584320,11.773969,-1.721166
-7.315795,8.277562,11.776856,-1.792138
-7.528992,7.930951,11.779342,-1.861595
-7.702218,7.548557,11.780155,-1.929053
-7.834666,7.134477,11.778013,-1.994026
-7.925529,6.692809,11.771635,-2.056026
-7.973999,6.227650,11.759736,-2.114566
-7.979268,5.743096,11.741035,-2.169161
-7.940530,5.243245,11.714250,-2.219324
-7.856976,4.732194,11.678097,-2.264567
-7.727800,4.214040,11.631294,-2.304404
-7.552194,3.692880,11.572559,-2.338349
-7.329351,3.172811,11.500609,-2.365914
-7.058462,2.657931,11.414162,-2.386613
-6.738722,2.152335,11.311935,-2.399960
-6.369322,1.660122,11.192646,-2.405467
-5.949454,1.185388,11.055012,-2.402648
-5.478313,0.732231,10.897751,-2.391016
-4.955094,0.304744,10.719583,-2.370086
-4.380482,-0.093854,10.520337,-2.339815
-3.758682,-0.462422,10.302459,-2.301204
-3.094412,-0.800121,10.068778,-2.255409
-2.392389,-1.106111,9.822124,-2.203585
-1.657331,-1.379553,9.565325,-2.146886
-0.893955,-1.619607,9.301209,-2.086466
-0.106978,-1.825433,9.032605,-2.023481
0.698883,-1.996192,8.762341,-1.959085
1.518910,-2.131045,8.493247,-1.894433
2.348385,-2.229151,8.228151,-1.830680
3.182593,-2.289672,7.969881,-1.768979
4.016814,-2.311768,7.721267,-1.710487
4.846332,-2.294599,7.485136,-1.656358
5.666430,-2.237325,7.264317,-1.607746
6.472391,-2.139107,7.061640,-1.565805
7.259496,-1.999106,6.879931,-1.531692
8.023029,-1.816482,6.722021,-1.506560
8.758405,-1.590516,6.590496,-1.491487
9.462669,-1.321967,6.484991,-1.486603
10.133950,-1.012582,6.403167,-1.491409
10.770400,-0.664125,6.342650,-1.505391
11.370169,-0.278359,6.301067,-1.528038
11.931408,0.142950,6.276043,-1.558838
12.452268,0.598039,6.265205,-1.597277
12.930898,1.085144,6.266177,-1.642843
13.365451,1.602500,6.276587,-1.695025
13.754077,2.148343,6.294060,-1.753310
14.094925,2.720909,6.316222,-1.817185
14.386148,3.318433,6.340698,-1.886138
14.625896,3.939152,6.365116,-1.959658
14.812318,4.581301,6.387100,-2.037230
14.943567,5.243116,6.404277,-2.118344
15.017793,5.922833,6.414272,-2.202487
15.033146,6.618687,6.414712,-2.289147
14.987779,7.328914,6.403224,-2.377811
14.881207,8.051098,6.378552,-2.467866
14.716662,8.781052,6.342488,-2.558424
14.498009,9.514283,6.297344,-2.648553
14.229112,10.246304,6.245429,-2.737318
13.913834,10.972623,6.189052,-2.823786
13.556039,11.688751,6.130524,-2.907023
13.159592,12.390198,6.072154,-2.986094
12.728356,13.072474,6.016252,-3.060066
12.266194,13.731090,5.965129,-3.128006
11.776970,14.361555,5.921093,3.094206
11.264550,14.959380,5.886456,3.041133
10.732795,15.520074,5.863526,2.996894
10.185570,16.039148,5.854614,2.962422
9.626739,16.512112,5.862029,2.938653
9.060166,16.934475,5.888081,2.926518
8.489714,17.301749,5.935081,2.926953
7.919248,17.609444,6.005338,2.940891
7.352488,17.853341,6.100990,2.969163
6.791056,18.033248,6.221649,3.011087
6.234974,18.152034,6.365002,3.064827
5.684222,18.212647,6.528687,3.128519
5.138784,18.218033,6.710343,-3.082886
4.598640,18.171140,6.907608,-3.004883
4.063772,18.074915,7.118120,-2.922520
3.534161,17.932305,7.339518,-2.837663
3.009788,17.746258,7.569441,-2.752175
2.490637,17.519720,7.805526,-2.667921
1.976687,17.255639,8.045413,-2.586764
1.467920,16.956961,8.286739,-2.510570
0.964319,16.626635,8.527143,-2.441203
0.465864,16.267606,8.764263,-2.380526
-0.027463,15.882823,8.995738,-2.330405
-0.515681,15.475232,9.219207,-2.292702
-0.998807,15.047781,9.432307,-2.269284
-1.476861,14.603417,9.632677,-2.262014
-1.949063,14.144758,9.818331,-2.272051
-2.412123,13.673390,9.988462,-2.298332
-2.862251,13.190694,10.142500,-2.339357
-3.295660,12.698048,10.279872,-2.393623
-3.708563,12.196835,10.400006,-2.459630
-4.097171,11.688435,10.502330,-2.535875
-4.457697,11.174228,10.586272,-2.620858
-4.786353,10.655595,10.651260,-2.713077
-5.079352,10.133917,10.696722,-2.811031
-5.332905,9.610574,10.722085,-2.913219
-5.543225,9.086947,10.726779,-3.018138
-5.706524,8.564416,10.710230,-3.124288
-5.819014,8.044361,10.671867,3.053017
-5.876908,7.528165,10.611117,2.948910
-5.876417,7.017206,10.527409,2.848076
-5.813755,6.512866,10.420171,2.752016
-5.685132,6.016526,10.288830,2.662233
-5.486995,5.529559,10.132907,2.580162
-5.219978,5.053220,9.953571,2.506057
-4.888353,4.588662,9.753425,2.439150
-4.496511,4.137033,9.535120,2.378636
-4.048845,3.699482,9.301306,2.323713
-3.549746,3.277158,9.054634,2.273575
-3.003606,2.871209,8.797753,2.227420
-2.414817,2.482784,8.533314,2.184445
-1.787771,2.113033,8.263968,2.143844
-1.126859,1.763103,7.992364,2.104816
-0.436473,1.434143,7.721153,2.066555
0.278995,1.127302,7.452985,2.028259
1.015153,0.843729,7.190511,1.989124
1.767609,0.584573,6.936380,1.948346
2.531972,0.350981,6.693244,1.905122
3.303849,0.144104,6.463752,1.858648
4.078849,-0.034911,6.250555,1.808120
4.852580,-0.184915,6.056304,1.752735
5.620928,-0.304766,5.882929,1.691897
6.380789,-0.393349,5.729735,1.625775
7.129293,-0.449556,5.595426,1.554710
7.863571,-0.472278,5.478703,1.479045
8.580751,-0.460407,5.378270,1.399122
9.277963,-0.412833,5.292830,1.315283
9.952336,-0.328447,5.221086,1.227871
10.601001,-0.206142,5.161740,1.137227
11.221086,-0.044808,5.113495,1.043694
11.809721,0.156663,5.075055,0.947614
12.364035,0.399381,5.045122,0.849329
12.881159,0.684453,5.022400,0.749182
13.358221,1.012989,5.005591,0.647514
13.792352,1.386098,4.993397,0.544668
14.180679,1.804887,4.984523,0.440987
14.520334,2.270466,4.977670,0.336811
14.808446,2.783944,4.971543,0.232484
15.042241,3.346291,4.964871,0.128338
15.221136,3.955367,4.957013,0.024476
15.346706,4.605965,4.947950,-0.079222
15.420620,5.292747,4.937687,-0.182886
15.444547,6.010372,4.926228,-0.286648
15.420155,6.753502,4.913581,-0.390637
15.349111,7.516799,4.899751,-0.494985
15.233085,8.294924,4.884742,-0.599821
15.073744,9.082539,4.868562,-0.705276
14.872757,9.874303,4.851215,-0.811481
14.631792,10.664879,4.832707,-0.918565
14.352518,11.448928,4.813044,-1.026661
14.036602,12.221111,4.792232,-1.135897
13.685713,12.976090,4.770275,-1.246404
13.301520,13.708525,4.747181,-1.358314
12.885690,14.413078,4.722953,-1.471756
12.439892,15.084410,4.697599,-1.586860
11.965794,15.717183,4.671123,-1.703758
11.465109,16.306713,4.643561,-1.822512
10.939743,16.851100,4.615072,-1.942891
10.391652,17.349182,4.585849,-2.064589
9.822790,17.799797,4.556086,-2.187301
9.235114,18.201784,4.525973,-2.310719
8.630579,18.553980,4.495706,-2.434536
8.011142,18.855224,4.465475,-2.558447
7.378758,19.104353,4.435475,-2.682145
6.735382,19.300207,4.405897,-2.805323
6.082971,19.441622,4.376935,-2.927674
5.423480,19.527437,4.348782,-3.048893
4.758866,19.556490,4.321629,3.114513
4.091083,19.527619,4.295670,2.996480
3.422087,19.439663,4.271098,2.880499
2.753834,19.291459,4.248106,2.766876
2.088281,19.081845,4.226886,2.655920
1.427382,18.809660,4.207631,2.547935
0.773111,18.473841,4.190544,2.443230
0.127918,18.076183,4.176151,2.342136
-0.505207,17.621684,4.165331,2.245014
-1.123246,17.115518,4.158988,2.152226
-1.723182,16.562856,4.158022,2.064132
-2.301995,15.968868,4.163334,1.981095
-2.856669,15.338727,4.175825,1.903476
-3.384185,14.677603,4.196398,1.831636
-3.881526,13.990669,4.225953,1.765938
-4.345673,13.283095,4.265391,1.706743
-4.773609,12.560053,4.315614,1.654413
-5.162315,11.826714,4.377523,1.609308
-5.508774,11.088250,4.452020,1.571792
-5.809967,10.349832,4.540005,1.542224
-6.062877,9.616632,4.642380,1.520968
-6.264487,8.893821,4.760046,1.508384
-6.411777,8.186570,4.893904,1.504834
-6.501729,7.500051,5.044856,1.510679
-6.532046,6.839011,5.213453,1.526058
-6.503964,6.206104,5.398515,1.550002
-6.419813,5.603343,5.598333,1.581203
-6.281919,5.032738,5.811197,1.618353
-6.092611,4.496301,6.035397,1.660145
-5.854217,3.996045,6.269224,1.705270
-5.569063,3.533980,6.510967,1.752421
-5.239478,3.112117,6.758916,1.800290
-4.867790,2.732469,7.011362,1.847568
-4.456326,2.397047,7.266594,1.892948
-4.007413,2.107862,7.522902,1.935123
-3.523381,1.866926,7.778577,1.972783
-3.006557,1.676251,8.031908,2.004622
-2.459267,1.537847,8.281187,2.029331
-1.883841,1.453727,8.524701,2.045603
-1.282606,1.425902,8.760743,2.052129
-0.657889,1.456384,8.987601,2.047602
-0.012039,1.547124,9.203580,2.030741
0.651833,1.697824,9.407483,2.001298
1.329636,1.905312,9.598756,1.960344
2.017219,2.166228,9.776885,1.909037
2.710429,2.477209,9.941358,1.848535
3.405112,2.834894,10.091661,1.779995
4.097115,3.235924,10.227281,1.704574
4.782287,3.676937,10.347706,1.623431
5.456473,4.154572,10.452421,1.537722
6.115522,4.665468,10.540914,1.448606
6.755280,5.206265,10.612672,1.357241
7.371595,5.773601,10.667182,1.264782
7.960313,6.364115,10.703930,1.172389
8.517282,6.974446,10.722404,1.081219
9.038349,7.601235,10.722090,0.992429
9.519362,8.241118,10.702475,0.907177
9.956166,8.890737,10.663047,0.826620
10.344609,9.546729,10.603291,0.751917
10.681099,10.205712,10.522927,0.684011
10.965250,10.864184,10.422993,0.622624
11.197815,11.518598,10.305001,0.567042
11.379550,12.165407,10.170462,0.516550
11.511212,12.801065,10.020886,0.470436
11.593555,13.422025,9.857785,0.427985
11.627336,14.024740,9.682670,0.388483
11.613310,14.605665,9.497051,0.351216
11.552232,15.161253,9.302441,0.315469
11.444860,15.687957,9.100350,0.280530
11.291947,16.182231,8.892289,0.245683
11.094251,16.640528,8.679769,0.210216
10.852525,17.059301,8.464301,0.173413
10.567528,17.435005,8.247397,0.134561
10.240013,17.764092,8.030567,0.092945
9.870737,18.043017,7.815322,0.047853
9.460455,18.268232,7.603174,-0.001431
9.009943,18.436232,7.395623,-0.055612
8.521021,18.545603,7.193648,-0.114953
7.997026,18.597977,6.997464,-0.179079
7.441415,18.595229,6.807227,-0.247558
6.857648,18.539233,6.623094,-0.319964
6.249181,18.431863,6.445219,-0.395867
5.619474,18.274993,6.273760,-0.474838
4.971984,18.070496,6.108871,-0.556450
4.310169,17.820248,5.950709,-0.640272
3.637487,17.526121,5.799429,-0.725877
2.957396,17.189991,5.655188,-0.812836
2.273355,16.813730,5.518141,-0.900720
1.588821,16.399214,5.388444,-0.989100
0.907252,15.948316,5.266253,-1.077548
0.232107,15.462910,5.151724,-1.165635
-0.433157,14.944870,5.045013,-1.252932
-1.085082,14.396071,4.946275,-1.339011
-1.720209,13.818385,4.855666,-1.423442
-2.335250,13.213896,4.773403,-1.505865
-2.928053,12.586067,4.700099,-1.586366
-3.496928,11.938931,4.636534,-1.665213
-4.040190,11.276523,4.583486,-1.742679
-4.556151,10.602877,4.541734,-1.819033
-5.043125,9.922028,4.512058,-1.894545
-5.499425,9.238010,4.495235,-1.969486
-5.923364,8.554856,4.492046,-2.044126
-6.313256,7.876602,4.503269,-2.118736
-6.667414,7.207282,4.529683,-2.193587
-6.984151,6.550930,4.572067,-2.268948
-7.261780,5.911580,4.631200,-2.345089
-7.498616,5.293267,4.707861,-2.422283
-7.692970,4.700026,4.802829,-2.500797
-7.843157,4.135889,4.916883,-2.580904
-7.947489,3.604893,5.050801,-2.662874
-8.004280,3.111071,5.205363,-2.746976
-8.011857,2.658428,5.381334,-2.833478
-7.969535,2.248844,5.578389,-2.922374
-7.878275,1.880661,5.794396,-3.013204
-7.739194,1.551888,6.027052,-3.105466
-7.553409,1.260531,6.274054,3.084528
-7.322035,1.004599,6.533098,2.990909
-7.046189,0.782101,6.801880,2.897365
-6.726987,0.591043,7.078098,2.804398
-6.365547,0.429434,7.359449,2.712510
-5.962985,0.295282,7.643627,2.622204
-5.520416,0.186595,7.928332,2.533983
-5.038958,0.101380,8.211258,2.448347
-4.519727,0.037647,8.490103,2.365801
-3.963839,-0.006598,8.762563,2.286845
-3.372411,-0.033347,9.026335,2.211982
-2.746560,-0.044591,9.279115,2.141715
-2.087401,-0.042322,9.518601,2.076546
-1.396051,-0.028533,9.742488,2.016977
-0.673822,-0.005096,9.948714,1.963438
0.076457,0.027052,10.137093,1.915803
0.851237,0.067412,10.308324,1.873681
1.646967,0.115490,10.463113,1.836679
2.460096,0.170792,10.602165,1.804404
3.287072,0.232823,10.726184,1.776466
4.124343,0.301088,10.835875,1.752470
4.968359,0.375093,10.931943,1.732025
5.815567,0.454342,11.015093,1.714738
6.662415,0.538341,11.086030,1.700218
7.505354,0.626596,11.145458,1.688071
8.340830,0.718612,11.194083,1.677906
9.165293,0.813893,11.232608,1.669330
9.975190,0.911946,11.261740,1.661950
10.766971,1.012276,11.282182,1.655375
11.537084,1.114387,11.294640,1.649212
12.281977,1.217786,11.299819,1.643069
12.998107,1.321984,11.298422,1.636554
13.682885,1.427295,11.291141,1.629486
14.335538,1.535552,11.278639,1.622075
14.955494,1.648761,11.261573,1.614577
15.542184,1.768926,11.240606,1.607249
16.095037,1.898054,11.216395,1.600344
16.613482,2.038150,11.189600,1.594121
17.096950,2.191218,11.160882,1.588833
17.544869,2.359263,11.130899,1.584737
17.956669,2.544292,11.100312,1.582088
18.331781,2.748309,11.069779,1.581142
18.669632,2.973319,11.039961,1.582156
18.969654,3.221327,11.011516,1.585384
19.231276,3.494339,10.985106,1.591082
19.453926,3.794360,10.961388,1.599506
19.637036,4.123396,10.941023,1.610912
19.780033,4.483450,10.924671,1.625555
19.882349,4.876529,10.912991,1.643691
19.943470,5.304113,10.906481,1.665525
19.963413,5.762846,10.904155,1.690787
19.942484,6.246758,10.904225,1.718952
19.880990,6.749856,10.904894,1.749493
19.779238,7.266146,10.904366,1.781883
19.637535,7.789633,10.900844,1.815593
19.456189,8.314323,10.892533,1.850097
19.235507,8.834222,10.877635,1.884867
18.975796,9.343337,10.854355,1.919376
18.677363,9.835672,10.820897,1.953096
18.340517,10.305233,10.775464,1.985499
17.965563,10.746028,10.716259,2.016059
17.552810,11.152060,10.641487,2.044248
17.102564,11.517337,10.549352,2.069538
16.615134,11.835864,10.438056,2.091402
16.090826,12.101647,10.305803,2.109312
15.529947,12.308692,10.150798,2.122742
14.932810,12.451021,9.971252,2.131165
14.300679,12.525640,9.766892,2.134311
13.636895,12.536077,9.540754,2.132474
12.945072,12.486716,9.296308,2.126019
12.228824,12.381943,9.037027,2.115313
11.491767,12.226144,8.766381,2.100722
10.737515,12.023704,8.487842,2.082612
9.969683,11.779008,8.204883,2.061349
9.191886,11.496443,7.920973,2.037299
8.407737,11.180392,7.639584,2.010830
7.620853,10.835243,7.364189,1.982306
6.834847,10.465379,7.098258,1.952095
6.053334,10.075188,6.845263,1.920562
5.279929,9.669054,6.608675,1.888074
4.518246,9.251362,6.391965,1.854996
3.771901,8.826499,6.198606,1.821696
3.044507,8.398849,6.032069,1.788539
2.339680,7.972798,5.895824,1.755892
1.660975,7.552648,5.792991,1.724088
1.011305,7.141779,5.722817,1.693120
0.393185,6.743004,5.682164,1.662763
-0.190875,6.359127,5.667856,1.632793
-0.738366,5.992952,5.676719,1.602983
-1.246779,5.647283,5.705576,1.573108
-1.713604,5.324924,5.751254,1.542943
-2.136332,5.028679,5.810576,1.512261
-2.512453,4.761352,5.880369,1.480838
-2.839458,4.525749,5.957456,1.448447
-3.114838,4.324671,6.038664,1.414863
-3.336082,4.160925,6.120817,1.379859
-3.500683,4.037313,6.200739,1.343212
-3.606129,3.956640,6.275257,1.304694
-3.649912,3.921710,6.341194,1.264080
-3.629523,3.935328,6.395376,1.221145
-3.542451,4.000296,6.434628,1.175663
-3.386193,4.119414,6.455779,1.127408
-3.160030,4.293297,6.457265,1.076438
-2.867726,4.517080,6.441555,1.023510
-2.513740,4.785051,6.411739,0.969493
-2.102528,5.091501,6.370909,0.915254
-1.638548,5.430719,6.322156,0.861663
-1.126257,5.796993,6.268572,0.809587
-0.570113,6.184614,6.213247,0.759894
0.025429,6.587869,6.159273,0.713451
0.655909,7.001050,6.109740,0.671128
1.316871,7.418444,6.067741,0.633792
2.003859,7.834341,6.036366,0.602311
2.712413,8.243030,6.018705,0.577553
3.438078,8.638801,6.017852,0.560386
4.176396,9.015943,6.036896,0.551678
4.922909,9.368745,6.078929,0.552298
5.673161,9.691496,6.147042,0.563113
6.422694,9.978486,6.244326,0.584991
7.167161,10.224279,6.373586,0.618726
7.903656,10.427047,6.533860,0.664139
8.630291,10.587504,6.721535,0.720365
9.345196,10.706419,6.932942,0.786525
10.046503,10.784559,7.164412,0.861740
10.732345,10.822691,7.412275,0.945131
11.400853,10.821584,7.672864,1.035819
12.050158,10.782004,7.942508,1.132925
12.678393,10.704719,8.217539,1.235569
13.283690,10.590497,8.494288,1.342873
13.864179,10.440106,8.769086,1.453957
14.417993,10.254312,9.038264,1.567942
14.943263,10.033885,9.298153,1.683950
15.438122,9.779590,9.545083,1.801101
15.900701,9.492196,9.775386,1.918516
16.329131,9.172470,9.985394,2.035316
16.721545,8.821180,10.171436,2.150622
17.076075,8.439095,10.329845,2.263555
17.391227,8.027726,10.458180,2.373390
17.666596,7.590739,10.557553,2.479844
17.901972,7.132188,10.629714,2.582718
18.097142,6.656127,10.676413,2.681808
18.251898,6.166609,10.699400,2.776915
18.366027,5.667687,10.700427,2.867835
18.439319,5.163416,10.681243,2.954369
18.471564,4.657848,10.643598,3.036314
18.462550,4.155037,10.589243,3.113469
18.412067,3.659037,10.519929,-3.097552
18.319905,3.173902,10.437406,-3.030581
18.185852,2.703684,10.343424,-2.969005
18.009698,2.252437,10.239733,-2.913024
17.791232,1.824215,10.128084,-2.862841
17.530243,1.423071,10.010227,-2.818656
17.226521,1.053060,9.887913,-2.780671
16.879854,0.718233,9.762892,-2.749087
16.490155,0.422460,9.636875,-2.724093
16.059279,0.166652,9.510960,-2.705661
15.590641,-0.050655,9.385749,-2.693590
15.087703,-0.230989,9.261832,-2.687673
14.553924,-0.375881,9.139796,-2.687705
13.992764,-0.486858,9.020232,-2.693481
13.407684,-0.565451,8.903727,-2.704794
12.802144,-0.613189,8.790872,-2.721439
12.179604,-0.631602,8.682254,-2.743210
11.543524,-0.622218,8.578464,-2.769900
10.897364,-0.586567,8.480089,-2.801305
10.244585,-0.526178,8.387720,-2.837219
9.588646,-0.442581,8.301944,-2.877435
8.933008,-0.337305,8.223351,-2.921748
8.281131,-0.211879,8.152529,-2.969952
7.636475,-0.067834,8.090069,-3.021841
7.002501,0.093303,8.036558,-3.077210
6.382667,0.270002,7.992585,-3.135852
5.779811,0.461174,7.958483,3.085637
5.194675,0.667212,7.933716,3.021153
4.627567,0.888818,7.917571,2.954156
4.078793,1.126692,7.909335,2.884921
3.548659,1.381535,7.908293,2.813724
3.037472,1.654050,7.913730,2.740840
2.545538,1.944936,7.924934,2.666545
2.073164,2.254896,7.941190,2.591114
1.620657,2.584630,7.961784,2.514823
1.188323,2.934840,7.986002,2.437946
0.776468,3.306227,8.013130,2.360759
0.385400,3.699492,8.042453,2.283539
0.015424,4.115336,8.073259,2.206559
-0.333153,4.554461,8.104833,2.130095
-0.660025,5.017568,8.136460,2.054424
-0.964884,5.505358,8.167427,1.979819
-1.247424,6.018532,8.197020,1.906557
-1.507330,6.557670,8.224561,1.834907
-1.744103,7.120965,8.250081,1.765022
-1.957080,7.704427,8.274261,1.696949
-2.145590,8.303988,8.297803,1.630729
-2.308963,8.915579,8.321411,1.566407
-2.446529,9.535131,8.345788,1.504024
-2.557617,10.158575,8.371639,1.443623
-2.641558,10.781843,8.399666,1.385246
-2.697680,11.400865,8.430573,1.328937
-2.725314,12.011574,8.465064,1.274738
-2.723789,12.609899,8.503842,1.222692
-2.692436,13.191772,8.547610,1.172841
-2.630583,13.753125,8.597072,1.125227
-2.537561,14.289888,8.652931,1.079895
-2.412699,14.797993,8.715892,1.036885
-2.255327,15.273371,8.786657,0.996241
-2.064774,15.711953,8.865929,0.958005
-1.840372,16.109670,8.954413,0.922221
-1.581739,16.463337,9.052464,0.888885
-1.289623,16.773196,9.159085,0.857824
-0.965047,17.040324,9.272951,0.828820
-0.609032,17.265795,9.392739,0.801656
-0.222600,17.450684,9.517123,0.776115
0.193228,17.596068,9.644779,0.751981
0.637429,17.703021,9.774382,0.729036
1.108983,17.772619,9.904608,0.707063
1.606867,17.805938,10.034131,0.685845
2.130060,17.804051,10.161629,0.665166
2.677540,17.768036,10.285775,0.644808
3.248286,17.698967,10.405246,0.624555
3.841275,17.597920,10.518716,0.604190
4.455486,17.465969,10.624862,0.583494
5.089897,17.304191,10.722359,0.562253
5.743487,17.113661,10.809881,0.540248
6.415234,16.895453,10.886105,0.517262
7.104047,16.650644,10.949734,0.493088
7.807146,16.380288,11.000184,0.467731
8.519990,16.085424,11.037609,0.441420
9.237958,15.767088,11.062196,0.414392
9.956429,15.426317,11.074134,0.386888
10.670780,15.064147,11.073611,0.359145
11.376390,14.681616,11.060815,0.331403
12.068638,14.279758,11.035934,0.303900
12.742902,13.859612,10.999157,0.276874
13.394560,13.422214,10.950672,0.250565
14.018992,12.968600,10.890666,0.225212
14.611575,12.499807,10.819329,0.201052
15.167687,12.016872,10.736848,0.178325
15.682708,11.520831,10.643411,0.157269
16.152015,11.012720,10.539207,0.138124
16.570988,10.493577,10.424424,0.121127
16.935004,9.964438,10.299250,0.106518
17.239442,9.426340,10.163873,0.094535
17.480640,8.880595,10.018577,0.085355
17.659262,8.329765,9.864076,0.078880
17.777185,7.776759,9.701206,0.074932
17.836292,7.224490,9.530803,0.073334
17.838461,6.675868,9.353702,0.073908
17.785572,6.133804,9.170738,0.076477
17.679506,5.601209,8.982747,0.080865
17.522142,5.080995,8.790565,0.086893
17.315360,4.576072,8.595028,0.094385
17.061040,4.089351,8.396970,0.103163
16.761062,3.623744,8.197227,0.113051
16.417306,3.182161,7.996636,0.123870
16.031651,2.767514,7.796031,0.135444
15.605978,2.382713,7.596248,0.147596
15.142167,2.030671,7.398123,0.160147
14.642097,1.714296,7.202491,0.172922
14.107648,1.436502,7.010188,0.185742
13.540743,1.200158,6.822051,0.198429
12.944642,1.006834,6.638975,0.210746
12.324193,0.856561,6.461924,0.222387
11.684334,0.749285,6.291865,0.233043
11.030002,0.684947,6.129764,0.242405
10.366136,0.663491,5.976590,0.250163
9.697673,0.684860,5.833309,0.256008
9.029552,0.748997,5.700889,0.259631
8.366711,0.855847,5.580297,0.260723
7.714088,1.005351,5.472499,0.258973
7.076621,1.197453,5.378465,0.254074
6.459248,1.432096,5.299159,0.245714
5.866907,1.709224,5.235551,0.233586
5.304536,2.028780,5.188606,0.217380
4.777073,2.390707,5.159293,0.196786
4.289456,2.794948,5.148578,0.171495
3.846624,3.241447,5.157429,0.141198
3.453514,3.730147,5.186813,0.105586
3.114258,4.260366,5.237328,0.064508
2.828773,4.828159,5.307636,0.018653
2.595598,5.428513,5.395771,-0.031021
2.413274,6.056417,5.499765,-0.083553
2.280340,6.706860,5.617652,-0.137984
2.195338,7.374829,5.747463,-0.193353
2.156806,8.055312,5.887231,-0.248702
2.163285,8.743298,6.034988,-0.303069
2.213316,9.433774,6.188768,-0.355496
2.305437,10.121730,6.346603,-0.405021
2.438190,10.802152,6.506525,-0.450687
2.610114,11.470030,6.666567,-0.491532
2.819749,12.120351,6.824762,-0.526597
3.065636,12.748103,6.979141,-0.554921
3.346313,13.348275,7.127739,-0.575546
3.660323,13.915855,7.268586,-0.587511
4.006204,14.445831,7.399717,-0.589857
4.382488,14.933240,7.519183,-0.581640
4.787370,15.375179,7.625918,-0.562653
5.218588,15.771525,7.720036,-0.533676
5.673846,16.122348,7.801736,-0.495561
6.150852,16.427720,7.871218,-0.449157
6.647311,16.687711,7.928680,-0.395315
7.160929,16.902394,7.974321,-0.334885
7.689412,17.071839,8.008341,-0.268719
8.230465,17.196117,8.030938,-0.197667
8.781795,17.275300,8.042311,-0.122579
9.341108,17.309458,8.042659,-0.044307
9.906109,17.298664,8.032182,0.036301
10.474505,17.242987,8.011078,0.118391
11.044000,17.142501,7.979545,0.201116
11.612302,16.997274,7.937784,0.283622
12.177115,16.807380,7.885993,0.365061
12.736147,16.572889,7.824371,0.444581
13.287102,16.293871,7.753117,0.521333
13.827543,15.970857,7.672635,0.594589
14.354159,15.607158,7.584575,0.664388
14.863311,15.207137,7.491057,0.731051
15.351357,14.775156,7.394203,0.794903
15.814658,14.315580,7.296133,0.856268
16.249572,13.832771,7.198969,0.915468
16.652459,13.331094,7.104830,0.972829
17.019680,12.814911,7.015839,1.028673
17.347592,12.288587,6.934117,1.083325
17.632556,11.756484,6.861783,1.137107
17.870931,11.222966,6.800960,1.190345
18.059077,10.692396,6.753767,1.243361
18.193352,10.169139,6.722327,1.296479
18.270118,9.657556,6.708760,1.350023
18.285733,9.162013,6.715187,1.404317
18.236556,8.686872,6.743728,1.459684
18.118947,8.236497,6.796506,1.516449
17.929330,7.815229,6.875602,1.574932
17.667870,7.426122,6.980859,1.635320
17.340483,7.070253,7.108676,1.697594
16.953572,6.748530,7.255159,1.761715
16.513541,6.461860,7.416416,1.827647
16.026796,6.211152,7.588554,1.895351
15.499738,5.997314,7.767678,1.964790
14.938774,5.821253,7.949896,2.035926
14.350306,5.683879,8.131315,2.108722
13.740739,5.586098,8.308041,2.183140
13.116476,5.528820,8.476181,2.259142
12.483923,5.512951,8.631841,2.336691
11.849482,5.539401,8.771130,2.415749
11.219558,5.609077,8.890152,2.496279
10.600555,5.722887,8.985016,2.578242
9.998877,5.881740,9.051828,2.661602
9.420928,6.086543,9.086694,2.746321
8.873112,6.338204,9.085721,2.832361
8.360987,6.637003,9.045676,2.919662
7.884091,6.978742,8.968013,3.008009
7.439353,7.357284,8.856223,3.097118
7.023690,7.766485,8.713801,-3.096481
6.634020,8.200197,8.544245,-3.006700
6.267262,8.652278,8.351051,-2.917009
5.920333,9.116581,8.137717,-2.827692
5.590152,9.586961,7.907740,-2.739033
5.273635,10.057274,7.664615,-2.651315
4.967702,10.521373,7.411842,-2.564823
4.669270,10.973115,7.152916,-2.479840
4.375257,11.406353,6.891334,-2.396652
4.082582,11.814942,6.630593,-2.315540
3.788161,12.192738,6.374191,-2.236790
3.488914,12.533596,6.125624,-2.160685
3.181757,12.831369,5.888389,-2.087510
2.863609,13.079914,5.665983,-2.017547
2.531420,13.273134,5.461886,-1.951080
2.184813,13.409252,5.278126,-1.888186
1.828113,13.494066,5.114179,-1.828586
1.466116,13.534141,4.969265,-1.771966
1.103621,13.536044,4.842602,-1.718011
0.745426,13.506338,4.733410,-1.666408
0.396329,13.451591,4.640907,-1.616840
0.061129,13.378367,4.564312,-1.568994
-0.255377,13.293232,4.502845,-1.522554
-0.548390,13.202752,4.455723,-1.477207
-0.813112,13.113492,4.422167,-1.432638
-1.044745,13.032018,4.401394,-1.388531
-1.238492,12.964895,4.392625,-1.344573
-1.389553,12.918689,4.395078,-1.300449
-1.493130,12.899965,4.407971,-1.255843
-1.544426,12.915289,4.430524,-1.210442
-1.538643,12.971227,4.461956,-1.163931
-1.470981,13.074343,4.501485,-1.115996
-1.337471,13.230333,4.548332,-1.066403
-1.141054,13.437617,4.601734,-1.015614
-0.888111,13.690995,4.660932,-0.964430
-0.585047,13.985239,4.725170,-0.913659
-0.238268,14.315125,4.793691,-0.864105
0.145818,14.675424,4.865738,-0.816575
0.560808,15.060912,4.940554,-0.771875
1.000293,15.466360,5.017381,-0.730810
1.457870,15.886543,5.095464,-0.694186
1.927130,16.316235,5.174044,-0.662809
2.401670,16.750209,5.252365,-0.637486
2.875081,17.183238,5.329670,-0.619022
3.340960,17.610095,5.405202,-0.608222
3.792899,18.025556,5.478203,-0.605893
4.224493,18.424392,5.547918,-0.612840
4.629335,18.801378,5.613588,-0.629870
5.001020,19.151286,5.674458,-0.657788
5.333162,19.468908,5.729771,-0.697395
5.622164,19.751275,5.779115,-0.748738
5.870030,19.999929,5.822756,-0.810355
6.079438,20.216949,5.861046,-0.880600
6.253063,20.404414,5.894334,-0.957830
6.393582,20.564405,5.922970,-1.040399
6.503670,20.699002,5.947305,-1.126663
6.586004,20.810285,5.967688,-1.214977
6.643261,20.900333,5.984470,-1.303698
6.678115,20.971226,5.998000,-1.391180
6.693244,21.025045,6.008629,-1.475779
6.691323,21.063869,6.016707,-1.555850
6.675029,21.089778,6.022584,-1.629749
6.647038,21.104851,6.026610,-1.695832
6.610026,21.111170,6.029135,-1.752453
6.566669,21.110813,6.030510,-1.797969
6.519643,21.105861,6.031083,-1.830734
6.471625,21.098393,6.031206,-1.849104
6.425057,21.090193,6.031272,-1.851626
6.380084,21.080117,6.032095,-1.838727
6.335538,21.065354,6.034733,-1.811907
6.290236,21.043073,6.040246,-1.772679
6.242997,21.010442,6.049692,-1.722556
6.192639,20.964632,6.064131,-1.663050
6.137979,20.902811,6.084622,-1.595675
6.077835,20.822149,6.112226,-1.521942
6.011024,20.719814,6.148001,-1.443364
5.936365,20.592975,6.193007,-1.361454
5.852676,20.438803,6.248303,-1.277724
5.758773,20.254465,6.314949,-1.193688
5.653475,20.037132,6.394005,-1.110858
5.535600,19.783972,6.486529,-1.030746
5.403966,19.492155,6.593582,-0.954865
5.257389,19.158849,6.716222,-0.884728
5.094689,18.781224,6.855509,-0.821847
4.914684,18.356457,7.012499,-0.767733
4.716594,17.883913,7.187285,-0.723341
4.500568,17.367997,7.377741,-0.688345
4.266880,16.813824,7.581427,-0.662241
4.015808,16.226507,7.795906,-0.644521
3.747628,15.611162,8.018740,-0.634682
3.462616,14.972902,8.247489,-0.632216
3.161050,14.316842,8.479715,-0.636620
2.843205,13.648097,8.712979,-0.647386
2.509358,12.971780,8.944844,-0.664010
2.159787,12.293006,9.172871,-0.685986
1.794766,11.616890,9.394620,-0.712808
1.414573,10.948546,9.607655,-0.743972
1.019484,10.293088,9.809535,-0.778970
0.609776,9.655631,9.997824,-0.817298
0.185726,9.041288,10.170081,-0.858451
-0.252391,8.455175,10.323870,-0.901922
-0.704297,7.902406,10.456750,-0.947206
-1.169514,7.387831,10.566442,-0.993815
-1.645186,6.913186,10.652506,-1.041465
-2.126907,6.478184,10.715708,-1.090003
-2.610248,6.082500,10.756830,-1.139280
-3.090777,5.725813,10.776656,-1.189147
-3.564063,5.407799,10.775971,-1.239453
-4.025677,5.128134,10.755557,-1.290050
-4.471186,4.886496,10.716200,-1.340788
-4.896161,4.682561,10.658682,-1.391517
-5.296171,4.516007,10.583788,-1.442088
-5.666783,4.386509,10.492302,-1.492351
-6.003569,4.293746,10.385006,-1.542157
-6.302097,4.237393,10.262686,-1.591355
-6.557937,4.217128,10.126125,-1.639798
-6.766657,4.232627,9.976106,-1.687334
-6.923826,4.283568,9.813414,-1.733814
-7.025015,4.369627,9.638832,-1.779090
-7.065795,4.490479,9.453145,-1.823011
-7.043816,4.644739,9.257348,-1.865553
-6.962234,4.828211,9.052992,-1.907026
-6.825114,5.036236,8.841724,-1.947792
-6.636519,5.264152,8.625189,-1.988214
-6.400513,5.507302,8.405032,-2.028655
-6.121158,5.761025,8.182896,-2.069480
-5.802518,6.020663,7.960429,-2.111050
-5.448656,6.281556,7.739274,-2.153729
-5.063636,6.539044,7.521077,-2.197880
-4.651522,6.788468,7.307483,-2.243867
-4.216376,7.025169,7.100136,-2.292053
-3.762262,7.244487,6.900682,-2.342800
-3.293243,7.441762,6.710766,-2.396472
-2.813383,7.612336,6.532033,-2.453432
-2.326745,7.751549,6.366127,-2.514043
-1.837392,7.854742,6.214694,-2.578669
-1.349388,7.917255,6.079380,-2.647672
-0.866573,7.934731,5.961729,-2.721387
-0.389622,7.907113,5.861885,-2.799731
0.083137,7.837531,5.778950,-2.882313
0.553435,7.729191,5.712001,-2.968734
1.022999,7.585300,5.660115,-3.058595
1.493559,7.409064,5.622370,3.131686
1.966843,7.203689,5.597842,3.036138
2.444581,6.972382,5.585609,2.938345
2.928500,6.718349,5.584748,2.838706
3.420331,6.444796,5.594336,2.737618
3.921802,6.154929,5.613450,2.635480
4.434641,5.851956,5.641168,2.532692
4.960578,5.539081,5.676567,2.429651
5.501342,5.219512,5.718723,2.326755
6.058660,4.896455,5.766715,2.224405
6.634263,4.573116,5.819619,2.122997
7.229879,4.252702,5.876512,2.022931
7.847237,3.938418,5.936472,1.924604
8.486467,3.633325,5.998578,1.828359
9.142811,3.340037,6.061920,1.734356
9.810570,3.061081,6.125587,1.642726
10.484048,2.798984,6.188669,1.553598
11.157548,2.556274,6.250257,1.467099
11.825374,2.335479,6.309441,1.383360
12.481828,2.139127,6.365311,1.302509
13.121215,1.969746,6.416957,1.224674
13.737837,1.829862,6.463469,1.149985
14.325998,1.722004,6.503938,1.078572
14.880001,1.648699,6.537454,1.010561
15.394150,1.612475,6.563107,0.946084
15.862746,1.615859,6.579986,0.885268
16.280095,1.661380,6.587183,0.828242
16.640499,1.751565,6.583788,0.775135
16.938262,1.888942,6.568890,0.726077
17.167686,2.076038,6.541579,0.681196
17.323404,2.315199,6.501050,0.640617
17.405737,2.605624,6.448283,0.604389
17.419812,2.943854,6.385770,0.572501
17.370909,3.326344,6.316049,0.544938
17.264309,3.749551,6.241660,0.521685
17.105291,4.209930,6.165142,0.502727
16.899135,4.703937,6.089034,0.488050
16.651120,5.228030,6.015875,0.477640
16.366526,5.778663,5.948204,0.471481
16.050634,6.352294,5.888560,0.469559
15.708722,6.945378,5.839482,0.471860
15.346070,7.554371,5.803510,0.478368
14.967959,8.175729,5.783182,0.489070
14.579668,8.805909,5.781037,0.503950
14.186477,9.441366,5.799615,0.522994
13.793666,10.078557,5.841454,0.546188
13.406513,10.713938,5.909094,0.573516
13.030300,11.343965,6.005074,0.604964
12.668729,11.965127,6.130818,0.640451
12.319906,12.574032,6.283795,0.679653
11.980691,13.167312,6.460594,0.722195
11.647949,13.741603,6.657804,0.767701
11.318539,14.293536,6.872014,0.815796
10.989325,14.819745,7.099814,0.866105
10.657168,15.316865,7.337793,0.918251
10.318931,15.781528,7.582540,0.971860
9.971474,16.210368,7.830645,1.026555
9.611661,16.600018,8.078697,1.081962
9.236353,16.947112,8.323285,1.137703
8.842412,17.248283,8.560998,1.193405
8.426700,17.500165,8.788426,1.248691
7.986080,17.699392,9.002159,1.303186
7.517412,17.842596,9.198785,1.356514
7.017559,17.926411,9.374893,1.408299
6.483383,17.947471,9.527074,1.458167
5.911909,17.902588,9.652030,1.505763
5.303660,17.792405,9.748931,1.551198
4.662522,17.621254,9.819313,1.595030
3.992520,17.393613,9.864812,1.637837
3.297677,17.113963,9.887060,1.680194
2.582017,16.786784,9.887693,1.722678
1.849564,16.416555,9.868344,1.765866
1.104340,16.007756,9.830647,1.810334
0.350371,15.564867,9.776236,1.856659
-0.408321,15.092368,9.706745,1.905417
-1.167712,14.594739,9.623809,1.957184
-1.923778,14.076458,9.529060,2.012538
-2.672495,13.542007,9.424135,2.072054
-3.409840,12.995865,9.310665,2.136310
-4.131789,12.442511,9.190286,2.205881
-4.834319,11.886426,9.064632,2.281344
-5.513405,11.332090,8.935336,2.363277
-6.165025,10.783981,8.804033,2.452254
-6.785536,10.245893,8.672203,2.548541
-7.372875,9.718788,8.540696,2.651114
-7.925384,9.202897,8.410199,2.758618
-8.441405,8.698452,8.281400,2.869699
-8.919280,8.205686,8.154986,2.983001
-9.357350,7.724831,8.031643,3.097171
-9.753957,7.256120,7.912060,-3.072333
-10.107444,6.799783,7.796923,-2.960494
-10.416152,6.356054,7.686919,-2.851853
-10.678423,5.925165,7.582736,-2.747763
-10.892600,5.507347,7.485060,-2.649581
-11.057024,5.102834,7.394580,-2.558660
-11.170036,4.711856,7.311982,-2.476356
-11.229980,4.334648,7.237953,-2.404024
-11.235196,3.971440,7.173180,-2.343017
-11.184027,3.622464,7.118351,-2.294692
-11.074815,3.287954,7.074153,-2.260402
-10.905974,2.968150,7.041260,-2.241455
-10.677917,2.663543,7.019977,-2.237872
-10.393238,2.374896,7.010209,-2.248264
-10.054645,2.102986,7.011838,-2.271172
-9.664845,1.848591,7.024749,-2.305134
-9.226544,1.612488,7.048824,-2.348692
-8.742449,1.395453,7.083946,-2.400385
-8.215268,1.198265,7.130000,-2.458752
-7.647707,1.021700,7.186868,-2.522335
-7.042474,0.866536,7.254433,-2.589672
-6.402275,0.733549,7.332579,-2.659304
-5.729816,0.623518,7.421189,-2.729770
-5.027806,0.537218,7.520147,-2.799611
-4.298951,0.475428,7.629335,-2.867367
-3.545958,0.438924,7.748637,-2.931576
-2.771534,0.428484,7.877937,-2.990780
-1.978386,0.444884,8.017117,-3.043519
-1.169221,0.488903,8.166061,-3.088331
-0.347032,0.561103,8.324352,-3.124107
0.483816,0.661020,8.490131,3.131785
1.318548,0.787887,8.661112,3.111917
2.152391,0.940933,8.835007,3.098422
2.980569,1.119391,9.009530,3.090246
3.798309,1.322490,9.182393,3.086333
4.600837,1.549462,9.351309,3.085631
5.383377,1.799538,9.513990,3.087084
6.141157,2.071948,9.668150,3.089638
6.869401,2.365924,9.811501,3.092240
7.563335,2.680696,9.941757,3.093834
8.218186,3.015495,10.056629,3.093367
8.829178,3.369554,10.153830,3.089785
9.391538,3.742101,10.231074,3.082032
9.900491,4.132368,10.286074,3.069056
10.351262,4.539587,10.316541,3.049801
10.739079,4.962988,10.320189,3.023213
11.059258,5.401793,10.294792,2.988261
11.310399,5.854899,10.240303,2.944673
11.495187,6.320800,10.159389,2.893134
11.616565,6.797962,10.054889,2.834383
11.677476,7.284855,9.929639,2.769163
11.680861,7.779946,9.786478,2.698216
11.629663,8.281702,9.628244,2.622283
11.526824,8.788592,9.457774,2.542106
11.375288,9.299083,9.277906,2.458427
11.177995,9.811643,9.091478,2.371987
10.937889,10.324740,8.901328,2.283528
10.657913,10.836842,8.710294,2.193792
10.341008,11.346416,8.521213,2.103520
9.990117,11.851930,8.336923,2.013455
9.608182,12.351852,8.160261,1.924337
9.198145,12.844650,7.994067,1.836909
8.762950,13.328792,7.841177,1.751912
8.305539,13.802745,7.704430,1.670088
7.828695,14.264819,7.586201,1.592063
7.334329,14.712446,7.486302,1.517814
6.824044,15.142754,7.403656,1.447097
6.299447,15.552870,7.337189,1.379667
5.762143,15.939922,7.285822,1.315279
5.213737,16.301039,7.248481,1.253686
4.655834,16.633346,7.224090,1.194645
4.090041,16.933974,7.211571,1.137910
3.517962,17.200048,7.209848,1.083236
2.941202,17.428697,7.217846,1.030377
2.361367,17.617049,7.234488,0.979089
1.780062,17.762231,7.258697,0.929127
1.198893,17.861372,7.289399,0.880245
0.619464,17.911598,7.325516,0.832198
0.043382,17.910038,7.365972,0.784740
-0.527749,17.853819,7.409691,0.737628
-1.092322,17.740069,7.455596,0.690615
-1.648729,17.565973,7.502615,0.643459
-2.195123,17.331425,7.549785,0.596009
-2.729326,17.040166,7.596306,0.548251
-3.249131,16.696231,7.641389,0.500177
-3.752335,16.303655,7.684245,0.451782
-4.236732,15.866473,7.724087,0.403060
-4.700117,15.388719,7.760124,0.354004
-5.140287,14.874428,7.791568,0.304610
-5.555035,14.327635,7.817631,0.254870
-5.942158,13.752373,7.837523,0.204778
-6.299450,13.152679,7.850457,0.154330
-6.624706,12.532587,7.855643,0.103518
-6.915721,11.896131,7.852293,0.052336
-7.170291,11.247346,7.839617,0.000779
-7.386211,10.590266,7.816828,-0.051159
-7.561276,9.928927,7.783136,-0.103485
-7.693281,9.267363,7.737752,-0.156204
-7.780021,8.609609,7.679889,-0.209324
-7.819676,7.959650,7.608954,-0.262776
-7.812909,7.321151,7.525628,-0.316033
-7.761375,6.697649,7.431100,-0.368380
-7.666731,6.092682,7.326561,-0.419099
-7.530636,5.509787,7.213201,-0.467478
-7.354746,4.952500,7.092210,-0.512799
-7.140719,4.424360,6.964779,-0.554348
-6.890211,3.928902,6.832098,-0.591409
-6.604881,3.469665,6.695358,-0.623268
-6.286386,3.050185,6.555747,-0.649208
-5.936383,2.674000,6.414458,-0.668514
-5.556529,2.344646,6.272680,-0.680471
-5.148482,2.065662,6.131603,-0.684363
-4.713899,1.840583,5.992419,-0.679476
-4.254438,1.672946,5.856316,-0.665093
-3.771755,1.566291,5.724486,-0.640500
-3.267508,1.524152,5.598119,-0.604981
-2.743354,1.550017,5.478398,-0.557830
-2.200836,1.643989,5.366031,-0.498980
-1.641318,1.800684,5.260959,-0.429400
-1.066149,2.014219,5.163051,-0.350153
-0.476676,2.278709,5.072175,-0.262301
0.125753,2.588272,4.988202,-0.166908
0.739791,2.937024,4.911001,-0.065037
1.364089,3.319080,4.840441,0.042249
1.997299,3.728559,4.776392,0.153888
2.638074,4.159576,4.718722,0.268816
3.285066,4.606247,4.667302,0.385971
3.936928,5.062689,4.622001,0.504288
4.592311,5.523019,4.582688,0.622707
5.249868,5.981352,4.549232,0.740162
5.908250,6.431805,4.521503,0.855592
6.566111,6.868496,4.499371,0.967933
7.222101,7.285539,4.482704,1.076122
7.874875,7.677052,4.471372,1.179097
8.523125,8.037641,4.465308,1.275922
9.165865,8.365632,4.464915,1.366626
9.802258,8.661054,4.470816,1.451682
10.431462,8.923947,4.483634,1.531563
11.052641,9.154348,4.503992,1.606745
11.664955,9.352296,4.532514,1.677701
12.267565,9.517829,4.569822,1.744906
12.859632,9.650986,4.616540,1.808835
13.440319,9.751805,4.673290,1.869961
14.008785,9.820326,4.740696,1.928760
14.564193,9.856585,4.819381,1.985705
15.105704,9.860622,4.909968,2.041271
15.632478,9.832475,5.013081,2.095933
16.143677,9.772183,5.129341,2.150163
16.638463,9.679784,5.259373,2.204438
17.115996,9.555316,5.403800,2.259232
17.575438,9.398818,5.563244,2.315018
18.015946,9.210336,5.738320,2.372269
18.436216,8.990631,5.928830,2.431213
18.834094,8.741790,6.133064,2.491630
19.207330,8.466044,6.349150,2.553248
19.553679,8.165624,6.575214,2.615796
19.870892,7.842762,6.809384,2.679005
20.156722,7.499689,7.049787,2.742604
20.408921,7.138636,7.294552,2.806322
20.625241,6.761833,7.541804,2.869889
20.803436,6.371512,7.789671,2.933034
20.941257,5.969905,8.036282,2.995487
21.036456,5.559242,8.279762,3.056976
21.086787,5.141754,8.518240,3.117233
21.090002,4.719673,8.749842,-3.107200
21.043852,4.295229,8.972697,-3.050221
20.946091,3.870655,9.184931,-2.995288
20.794470,3.448180,9.384672,-2.942670
20.586743,3.030036,9.570046,-2.892638
20.321105,2.618577,9.739372,-2.845458
19.999702,2.217251,9.892655,-2.801364
19.626760,1.830085,10.030790,-2.760571
19.206521,1.461106,10.154680,-2.723292
18.743227,1.114346,10.265227,-2.689743
18.241123,0.793833,10.363333,-2.660139
17.704450,0.503597,10.449902,-2.634694
17.137451,0.247668,10.525836,-2.613624
16.544369,0.030076,10.592037,-2.597142
15.929446,-0.145150,10.649407,-2.585463
15.296927,-0.273980,10.698850,-2.578803
14.651052,-0.352384,10.741268,-2.577377
13.996066,-0.376333,10.777563,-2.581398
13.336210,-0.341797,10.808639,-2.591081
12.675728,-0.244746,10.835397,-2.606643
12.018862,-0.081151,10.858739,-2.628296
11.369855,0.153019,10.879570,-2.656256
10.732948,0.461774,10.898787,-2.690735
10.111859,0.845989,10.916706,-2.731586
9.509207,1.299876,10.932405,-2.777895
8.927468,1.816800,10.944802,-2.828650
8.369119,2.390123,10.952815,-2.882839
7.836637,3.013208,10.955363,-2.939452
7.332499,3.679418,10.951366,-2.997475
6.859181,4.382116,10.939741,-3.055899
6.419160,5.114665,10.919407,-3.113711
6.014912,5.870428,10.889284,3.113286
5.648915,6.642769,10.848289,3.059733
5.323645,7.425050,10.795342,3.009826
5.041578,8.210633,10.729361,2.964577
4.805192,8.992883,10.649264,2.924998
4.616963,9.765163,10.553972,2.892100
4.479368,10.520834,10.442401,2.866894
4.394884,11.253260,10.313472,2.850393
4.365986,11.955805,10.166102,2.843609
4.394820,12.622154,9.999420,2.847423
4.480008,13.249408,9.814774,2.861359
4.618057,13.836722,9.614848,2.884125
4.805443,14.383277,9.402341,2.914415
5.038645,14.888256,9.179955,2.950924
5.314140,15.350842,8.950390,2.992349
5.628405,15.770216,8.716347,3.037383
5.977919,16.145561,8.480527,3.084722
6.359159,16.476059,8.245631,3.133062
6.768602,16.760891,8.014359,-3.102087
7.202726,16.999242,7.789412,-3.055660
7.658008,17.190291,7.573491,-3.012147
8.130926,17.333223,7.369297,-2.972853
8.617958,17.427218,7.179530,-2.939081
9.115581,17.471460,7.006891,-2.912138
9.620273,17.465131,6.854081,-2.893327
10.128511,17.407412,6.723801,-2.883953
10.636774,17.297489,6.618748,-2.885320
11.141907,17.135619,6.540536,-2.897993
11.641651,16.924675,6.488133,-2.920745
12.133881,16.667919,6.460113,-2.952078
12.616471,16.368615,6.455048,-2.990495
13.087296,16.030026,6.471512,-3.034501
13.544230,15.655414,6.508077,-3.082597
13.985148,15.248043,6.563317,-3.133286
14.407924,14.811177,6.635804,3.098112
14.810432,14.348078,6.724112,3.046726
15.190549,13.862009,6.826813,2.997237
15.546147,13.356235,6.942481,2.951141
15.875101,12.834017,7.069688,2.909937
16.175287,12.298619,7.207008,2.875120
16.444578,11.753304,7.353014,2.848188
16.680850,11.201336,7.506278,2.830638
16.881975,10.645977,7.665374,2.823967
17.045831,10.090491,7.828875,2.829671
17.170369,9.538129,7.995384,2.849126
17.254544,8.991995,8.163909,2.882172
17.297998,8.455089,8.333731,2.927594
17.300385,7.930410,8.504135,2.984156
17.261361,7.420959,8.674408,3.050624
17.180579,6.929733,8.843837,3.125763
17.057694,6.459734,9.011708,-3.074849
16.892362,6.013959,9.177308,-2.986075
16.684236,5.595408,9.339924,-2.892337
16.432972,5.207080,9.498841,-2.794869
16.138225,4.851975,9.653346,-2.694906
15.799648,4.533092,9.802726,-2.593684
15.416897,4.253430,9.946268,-2.492439
14.989626,4.015988,10.083257,-2.392404
14.517491,3.823766,10.212980,-2.294816
14.000145,3.679763,10.334724,-2.200909
13.437243,3.586977,10.447775,-2.111919
12.828442,3.548407,10.551420,-2.029081
12.174406,3.565046,10.644938,-1.953345
11.478634,3.632255,10.727589,-1.884865
10.745122,3.744410,10.798628,-1.823654
9.977865,3.895891,10.857312,-1.769725
9.180858,4.081074,10.902896,-1.723093
8.358096,4.294336,10.934637,-1.683771
7.513575,4.530056,10.951791,-1.651772
6.651290,4.782610,10.953614,-1.627111
5.775235,5.046376,10.939361,-1.609800
4.889405,5.315732,10.908289,-1.599853
3.997797,5.585055,10.859654,-1.597284
3.104405,5.848723,10.792711,-1.602106
2.213224,6.101112,10.706718,-1.614334
1.328250,6.336601,10.600929,-1.633980
0.453477,6.549567,10.474601,-1.661058
-0.407100,6.734388,10.326989,-1.695581
-1.249485,6.885440,10.157351,-1.737565
-2.069685,6.997387,9.965058,-1.786984
-2.863760,7.069259,9.751270,-1.843255
-3.627802,7.103502,9.518544,-1.905353
-4.357909,7.102652,9.269473,-1.972244
-5.050177,7.069246,9.006652,-2.042891
-5.700702,7.005821,8.732673,-2.116259
-6.305581,6.914913,8.450131,-2.191313
-6.860909,6.799059,8.161620,-2.267017
-7.362782,6.660796,7.869734,-2.342335
-7.807298,6.502661,7.577066,-2.416232
-8.190551,6.327190,7.286211,-2.487672
-8.508639,6.136920,6.999761,-2.555620
-8.757657,5.934388,6.720311,-2.619040
-8.933702,5.722130,6.450455,-2.676897
-9.032871,5.502682,6.192787,-2.728155
-9.051258,5.278583,5.949900,-2.771779
-8.984960,5.052368,5.724388,-2.806733
-8.830075,4.826574,5.518845,-2.831981
-8.584575,4.603470,5.335102,-2.846875
-8.252536,4.384450,5.172511,-2.852022
-7.839273,4.170731,5.029922,-2.848287
-7.350099,3.963533,4.906182,-2.836533
-6.790329,3.764072,4.800142,-2.817622
-6.165277,3.573567,4.710649,-2.792419
-5.480259,3.393235,4.636553,-2.761786
-4.740587,3.224294,4.576703,-2.726587
-3.951577,3.067962,4.529947,-2.687685
-3.118543,2.925457,4.495135,-2.645944
-2.246799,2.797997,4.471115,-2.602227
-1.341660,2.686798,4.456736,-2.557397
-0.408439,2.593080,4.450847,-2.512317
0.547548,2.518060,4.452298,-2.467851
1.520988,2.462956,4.459936,-2.424863
2.506566,2.428986,4.472611,-2.384215
3.498968,2.417367,4.489172,-2.346771
4.492922,2.429268,4.508519,-2.313371
5.483965,2.464930,4.530525,-2.284413
6.468355,2.523770,4.555928,-2.259902
7.442373,2.605174,4.585495,-2.239831
8.402301,2.708531,4.619994,-2.224191
9.344422,2.833226,4.660194,-2.212974
10.265016,2.978648,4.706862,-2.206171
11.160367,3.144184,4.760766,-2.203775
12.026755,3.329220,4.822674,-2.205776
12.860464,3.533144,4.893355,-2.212167
13.657775,3.755344,4.973575,-2.222939
14.414969,3.995206,5.064103,-2.238084
15.128330,4.252118,5.165707,-2.257594
15.794138,4.525467,5.279155,-2.281460
16.408677,4.814640,5.405215,-2.309674
16.968227,5.119024,5.544655,-2.342229
17.469071,5.438007,5.698242,-2.379114
17.907490,5.770976,5.866744,-2.420323
18.280701,6.117280,6.050501,-2.465758
18.589438,6.476130,6.248231,-2.514979
18.835263,6.846702,6.458272,-2.567470
19.019741,7.228171,6.678962,-2.622714
19.144434,7.619716,6.908640,-2.680193
19.210906,8.020511,7.145642,-2.739390
19.220720,8.429734,7.388308,-2.799786
19.175439,8.846560,7.634974,-2.860866
19.076627,9.270167,7.883979,-2.922110
18.925847,9.699731,8.133661,-2.983003
18.724663,10.134428,8.382358,-3.043025
18.474637,10.573434,8.628407,-3.101661
18.177333,11.015926,8.870147,3.124794
17.834314,11.461081,9.105915,3.070485
17.447144,11.908074,9.334049,3.019116
17.017385,12.356083,9.552888,2.971204
16.546602,12.804283,9.760769,2.927267
16.036384,13.251820,9.956074,2.887803
15.488957,13.697092,10.138205,2.852899
14.907190,14.137745,10.307600,2.822220
14.293980,14.571389,10.464741,2.795410
13.652225,14.995635,10.610114,2.772116
12.984822,15.408093,10.744201,2.751984
12.294669,15.806376,10.867486,2.734661
11.584663,16.188092,10.980451,2.719791
10.857702,16.550853,11.083582,2.707022
10.116683,16.892271,11.177361,2.695999
9.364504,17.209955,11.262271,2.686368
8.604062,17.501517,11.338797,2.677776
7.838255,17.764567,11.407421,2.669867
7.069981,17.996717,11.468628,2.662290
6.302136,18.195576,11.522900,2.654688
5.537618,18.358756,11.570722,2.646709
4.779326,18.483868,11.612576,2.637998
4.030155,18.568523,11.648946,2.628202
3.292718,18.610908,11.680297,2.616978
2.568370,18.611738,11.707009,2.604040
1.858126,18.572418,11.729441,2.589115
1.162998,18.494350,11.747949,2.571931
0.484001,18.378941,11.762892,2.552215
-0.177852,18.227593,11.774628,2.529695
-0.821548,18.041712,11.783515,2.504098
-1.446071,17.822701,11.789910,2.475151
-2.050409,17.571965,11.794171,2.442583
-2.633549,17.290908,11.796657,2.406121
-3.194475,16.980934,11.797724,2.365492
-3.732175,16.643448,11.797732,2.320424
-4.245636,16.279853,11.797037,2.270645
-4.733842,15.891555,11.795998,2.215881
-5.195781,15.479957,11.794973,2.155861
-5.630439,15.046464,11.794318,2.090312
-6.036803,14.592480,11.794393,2.018962
-6.413867,14.119418,11.795542,1.941547
-6.760921,13.628991,11.797690,1.858095
-7.077589,13.123249,11.800284,1.768967
-7.363516,12.604266,11.802743,1.674543
-7.618345,12.074112,11.804487,1.575203
-7.841719,11.534860,11.804933,1.471328
-8.033283,10.988580,11.803503,1.363296
-8.192680,10.437344,11.799613,1.251487
-8.319555,9.883224,11.792685,1.136283
-8.413550,9.328292,11.782136,1.018062
-8.474309,8.774619,11.767386,0.897204
-8.501477,8.224276,11.747855,0.774089
-8.494696,7.679336,11.722960,0.649098
-8.453612,7.141869,11.692123,0.522610
-8.377867,6.613948,11.654760,0.395005
-8.267105,6.097643,11.610293,0.266663
-8.120970,5.595028,11.558139,0.137964
-7.939106,5.108172,11.497719,0.009288
-7.721386,4.638887,11.428536,-0.119034
-7.468851,4.187659,11.350528,-0.246912
-7.182913,3.754552,11.263770,-0.374336
-6.864981,3.339633,11.168338,-0.501294
-6.516466,2.942967,11.064305,-0.627774
-6.138779,2.564621,10.951747,-0.753766
-5.733331,2.204660,10.830739,-0.879257
-5.301532,1.863149,10.701356,-1.004237
-4.844793,1.540154,10.563672,-1.128694
-4.364524,1.235742,10.417764,-1.252616
-3.862137,0.949977,10.263705,-1.375993
-3.339042,0.682925,10.101570,-1.498813
-2.796650,0.434653,9.931435,-1.621064
-2.236371,0.205226,9.753374,-1.742735
-1.659616,-0.005291,9.567463,-1.863815
-1.067796,-0.196832,9.373776,-1.984292
-0.462321,-0.369331,9.172388,-2.104156
0.155402,-0.522724,8.963393,-2.223387
0.784166,-0.657017,8.747634,-2.341688
1.423021,-0.772308,8.526936,-2.458397
2.071034,-0.868702,8.303191,-2.572826
2.727274,-0.946303,8.078292,-2.684286
3.390808,-1.005215,7.854131,-2.792092
4.060705,-1.045543,7.632600,-2.895553
4.736033,-1.067391,7.415592,-2.993984
5.415859,-1.070863,7.204999,-3.086696
6.099251,-1.056064,7.002713,3.110184
6.785278,-1.023098,6.810626,3.030973
7.473007,-0.972070,6.630631,2.959545
8.161506,-0.903083,6.464620,2.896586
8.849844,-0.816242,6.314485,2.842785
9.537088,-0.711651,6.182119,2.798829
10.222306,-0.589416,6.069413,2.765406
10.904565,-0.449639,5.978261,2.743204
11.582935,-0.292426,5.910554,2.732910
12.256148,-0.117821,5.867830,2.735025
12.920954,0.074483,5.849533,2.748942
13.573379,0.284922,5.854340,2.773646
14.209448,0.513931,5.880927,2.808125
14.825185,0.761948,5.927972,2.851364
15.416616,1.029407,5.994148,2.902351
15.979764,1.316744,6.078135,2.960072
16.510655,1.624397,6.178606,3.023512
17.005314,1.952800,6.294239,3.091659
17.459765,2.302390,6.423710,-3.119687
17.870033,2.673604,6.565696,-3.045168
18.232142,3.066876,6.718871,-2.968984
18.542117,3.482642,6.881914,-2.892148
18.795983,3.921340,7.053499,-2.815673
18.989765,4.383405,7.232303,-2.740574
19.119488,4.869272,7.417003,-2.667864
19.181175,5.379379,7.606275,-2.598556
19.170911,5.914120,7.798793,-2.533654
19.087970,6.471688,7.993169,-2.473630
18.936405,7.046980,8.187914,-2.418156
18.720660,7.634619,8.381536,-2.366840
18.445179,8.229233,8.572539,-2.319290
18.114405,8.825447,8.759430,-2.275113
17.732782,9.417885,8.940712,-2.233918
17.304754,10.001175,9.114892,-2.195311
16.834766,10.569940,9.280475,-2.158902
16.327260,11.118807,9.435968,-2.124296
15.786682,11.642401,9.579874,-2.091103
15.217473,12.135348,9.710700,-2.058930
14.624080,12.592273,9.826951,-2.027384
14.010944,13.007803,9.927132,-1.996074
13.382511,13.376561,10.009750,-1.964607
12.743224,13.693174,10.073309,-1.932590
12.097527,13.952268,10.116315,-1.899633
11.449863,14.148468,10.137274,-1.865341
10.804309,14.277237,10.134970,-1.829408
10.162397,14.339811,10.110123,-1.792109
9.524589,14.339864,10.064264,-1.753964
8.891345,14.281073,9.998929,-1.715494
8.263121,14.167118,9.915653,-1.677221
7.640378,14.001680,9.815972,-1.639667
7.023572,13.788439,9.701421,-1.603352
6.413162,13.531073,9.573536,-1.568799
5.809607,13.233262,9.433850,-1.536528
5.213365,12.898687,9.283901,-1.507062
4.624894,12.531026,9.125223,-1.480922
4.044652,12.133960,8.959352,-1.458628
3.473098,11.711169,8.787823,-1.440703
2.910691,11.266331,8.612171,-1.427668
2.357887,10.803127,8.433932,-1.420045
1.815147,10.325237,8.254640,-1.418354
1.282928,9.836340,8.075832,-1.423118
0.761700,9.340106,7.899037,-1.434853
0.252883,8.839518,7.725296,-1.453760
-0.240484,8.336378,7.554816,-1.479497
-0.715203,7.832372,7.387726,-1.511667
-1.168074,7.329187,7.224150,-1.549876
-1.595900,6.828511,7.064215,-1.593727
-1.995481,6.332030,6.908048,-1.642826
-2.363620,5.841431,6.755776,-1.696776
-2.697117,5.358401,6.607524,-1.755183
-2.992775,4.884628,6.463420,-1.817650
-3.247394,4.421797,6.323589,-1.883783
-3.457777,3.971596,6.188159,-1.953186
-3.620725,3.535711,6.057255,-2.025462
-3.733039,3.115831,5.931004,-2.100218
-3.791520,2.713641,5.809532,-2.177056
-3.792971,2.330829,5.692967,-2.255582
-3.734193,1.969081,5.581433,-2.335401
-3.611987,1.630085,5.475059,-2.416116
-3.423694,1.315345,5.373957,-2.497354
-3.171008,1.024900,5.278133,-2.578927
-2.857733,0.758076,5.187540,-2.660734
-2.487686,0.514194,5.102133,-2.742673
-2.064686,0.292578,5.021864,-2.824645
-1.592550,0.092548,4.946688,-2.906549
-1.075094,-0.086572,4.876557,-2.988285
-0.516138,-0.245462,4.811426,-3.069753
0.080503,-0.384798,4.751247,3.132333
0.711009,-0.505260,4.695975,3.051702
1.371565,-0.607524,4.645563,2.971641
2.058351,-0.692269,4.599964,2.892249
2.767552,-0.760173,4.559131,2.813627
3.495348,-0.811914,4.523020,2.735875
4.237924,-0.848170,4.491582,2.659094
4.991460,-0.869619,4.464771,2.583384
5.752140,-0.876939,4.442542,2.508844
6.516149,-0.870802,4.424847,2.435575
7.279992,-0.851303,4.411750,2.363549
8.040797,-0.817397,4.403520,2.292493
8.795766,-0.767911,4.400454,2.222103
9.542102,-0.701670,4.402847,2.152077
10.277006,-0.617501,4.410995,2.082113
10.997679,-0.514228,4.425193,2.011907
11.701324,-0.390677,4.445736,1.941158
12.385143,-0.245673,4.472920,1.869561
13.046337,-0.078044,4.507041,1.796816
13.682107,0.113386,4.548394,1.722618
14.289657,0.329792,4.597274,1.646666
14.866186,0.572347,4.653978,1.568657
15.408898,0.842226,4.718800,1.488288
15.914994,1.140603,4.792036,1.405256
16.381676,1.468652,4.873981,1.319259
16.806146,1.827549,4.964932,1.229994
17.185604,2.218467,5.065183,1.137159
17.517532,2.642300,5.174955,1.040532
17.802064,3.097268,5.293760,0.940672
18.040807,3.580107,5.420713,0.838571
18.235384,4.087538,5.554926,0.735224
18.387417,4.616282,5.695512,0.631627
18.498530,5.163058,5.841583,0.528775
18.570345,5.724589,5.992251,0.427665
18.604485,6.297593,6.146628,0.329292
18.602572,6.878792,6.303827,0.234652
18.566230,7.464905,6.462959,0.144741
18.497081,8.052655,6.623136,0.060554
18.396748,8.638760,6.783472,-0.016913
18.266854,9.219943,6.943077,-0.086663
18.109021,9.792922,7.101064,-0.147702
17.924873,10.354420,7.256546,-0.199034
17.716031,10.901155,7.408634,-0.239662
17.484120,11.429850,7.556440,-0.268592
17.230759,11.937228,7.699079,-0.284830
16.957118,12.420944,7.835996,-0.288072
16.663357,12.880736,7.967382,-0.279560
16.349495,13.316628,8.093530,-0.260746
16.015554,13.728641,8.214732,-0.233081
15.661555,14.116799,8.331281,-0.198016
15.287517,14.481124,8.443469,-0.157004
14.893463,14.821639,8.551589,-0.111496
14.479412,15.138367,8.655934,-0.062944
14.045387,15.431330,8.756795,-0.012799
13.591406,15.700552,8.854466,0.037487
13.117493,15.946054,8.949239,0.086462
12.623666,16.167859,9.041406,0.132675
12.109947,16.365991,9.131261,0.174673
11.576357,16.540471,9.219095,0.211006
11.022917,16.691323,9.305201,0.240222
10.449647,16.818570,9.389872,0.260869
9.856568,16.922233,9.473401,0.271495
9.243824,17.002360,9.556056,0.270793
8.612948,17.059276,9.637849,0.259095
7.966355,17.093484,9.718625,0.237770
7.306474,17.105486,9.798228,0.208206
6.635733,17.095787,9.876501,0.171790
5.956561,17.064892,9.953289,0.129907
5.271388,17.013304,10.028434,0.083946
4.582641,16.941528,10.101780,0.035292
3.892751,16.850067,10.173170,-0.014667
3.204144,16.739427,10.242448,-0.064545
2.519251,16.610112,10.309457,-0.112955
1.840501,16.462625,10.374041,-0.158511
1.170321,16.297470,10.436044,-0.199824
0.511141,16.115153,10.495308,-0.235510
-0.134611,15.916177,10.551678,-0.264180
-0.764505,15.701046,10.604996,-0.284449
-1.376113,15.470265,10.655106,-0.294929
-1.967007,15.224338,10.701852,-0.294234
-2.534924,14.963829,10.744991,-0.281582
-3.078034,14.689456,10.784059,-0.257741
-3.594576,14.401964,10.818556,-0.223727
-4.082786,14.102094,10.847982,-0.180555
-4.540903,13.790591,10.871839,-0.129244
-4.967165,13.468197,10.889627,-0.070807
-5.359809,13.135656,10.900846,-0.006262
-5.717074,12.793710,10.904997,0.063375
-6.037197,12.443104,10.901580,0.137088
-6.318417,12.084579,10.890096,0.213861
-6.558970,11.718880,10.870045,0.292677
-6.757096,11.346749,10.840928,0.372522
-6.911031,10.968930,10.802245,0.452378
-7.019015,10.586165,10.753497,0.531229
-7.079283,10.199199,10.694184,0.608059
-7.090076,9.808773,10.623807,0.681853
-7.049630,9.415632,10.541867,0.751593
-6.956360,9.020530,10.447944,0.816326
-6.811099,8.624368,10.342728,0.875949
-6.616427,8.228157,10.227706,0.930972
-6.374961,7.832910,10.104386,0.981921
-6.089321,7.439638,9.974272,1.029319
-5.762124,7.049354,9.838872,1.073692
-5.395991,6.663070,9.699691,1.115565
-4.993538,6.281799,9.558236,1.155462
-4.557385,5.906554,9.416013,1.193907
-4.090150,5.538345,9.274529,1.231427
-3.594453,5.178187,9.135289,1.268544
-3.072910,4.827090,8.999800,1.305785
-2.528142,4.486068,8.869567,1.343674
-1.962766,4.156133,8.746098,1.382736
-1.379401,3.838297,8.630899,1.423495
-0.780666,3.533572,8.525475,1.466476
-0.169179,3.242971,8.431333,1.512204
0.452441,2.967507,8.349978,1.561204
1.082086,2.708010,8.282301,1.613683
1.719163,2.464773,8.227353,1.668910
2.363361,2.237990,8.183845,1.725978
3.014369,2.027852,8.150488,1.783979
3.671876,1.834554,8.125995,1.842007
4.335571,1.658287,8.109076,1.899154
5.005144,1.499245,8.098443,1.954513
5.680282,1.357621,8.092807,2.007177
6.360676,1.233607,8.090880,2.056239
7.046014,1.127397,8.091372,2.100793
7.735984,1.039183,8.092996,2.139930
8.430277,0.969158,8.094462,2.172744
9.128581,0.917516,8.094481,2.198328
9.830586,0.884448,8.091766,2.215775
10.535979,0.870148,8.085028,2.224178
11.244451,0.874808,8.072978,2.222629
11.955689,0.898623,8.054326,2.210222
12.669194,0.941672,8.027855,2.186112
13.381301,1.002193,7.993500,2.150498
14.085745,1.076900,7.952149,2.104437
14.776181,1.162464,7.904717,2.049012
15.446266,1.255555,7.852120,1.985305
16.089656,1.352843,7.795274,1.914401
16.700005,1.450997,7.735094,1.837380
17.270971,1.546690,7.672497,1.755327
17.796209,1.636590,7.608398,1.669324
18.269375,1.717367,7.543712,1.580455
18.684125,1.785692,7.479356,1.489801
19.034116,1.838235,7.416246,1.398446
19.313002,1.871667,7.355296,1.307472
19.514440,1.882656,7.297423,1.217963
19.632086,1.867874,7.243543,1.131001
19.659595,1.823990,7.194570,1.047670
19.590624,1.747676,7.151422,0.969051
19.418830,1.635600,7.115013,0.896228
19.141021,1.485797,7.085979,0.830007
18.764888,1.301006,7.063984,0.770237
18.300464,1.084980,7.048486,0.716561
17.757782,0.841470,7.038940,0.668623
17.146876,0.574229,7.034803,0.626066
16.477778,0.287009,7.035531,0.588533
15.760523,-0.016438,7.040581,0.555669
15.005143,-0.332359,7.049409,0.527116
14.221671,-0.657002,7.061472,0.502518
13.420142,-0.986615,7.076227,0.481518
12.610588,-1.317446,7.093129,0.463760
11.803042,-1.645741,7.111635,0.448887
11.007538,-1.967750,7.131201,0.436543
10.234110,-2.279719,7.151284,0.426371
9.492789,-2.577897,7.171341,0.418014
8.793611,-2.858530,7.190827,0.411116
8.146607,-3.117867,7.209200,0.405320
7.561479,-3.352283,7.225931,0.400278
7.041073,-3.560765,7.240816,0.395801
6.581816,-3.744750,7.253951,0.391850
6.179887,-3.905769,7.265447,0.388392
5.831464,-4.045352,7.275413,0.385394
5.532724,-4.165032,7.283957,0.382824
5.279847,-4.266338,7.291190,0.380648
5.069009,-4.350803,7.297220,0.378834
4.896390,-4.419957,7.302157,0.377349
4.758167,-4.475331,7.306111,0.376160
4.650519,-4.518456,7.309190,0.375233
4.569624,-4.550864,7.311503,0.374537
4.511659,-4.574085,7.313161,0.374039
4.472804,-4.589651,7.314273,0.373704
4.449236,-4.599093,7.314947,0.373502
4.437134,-4.603942,7.315293,0.373398
4.432675,-4.605728,7.315420,0.373359
4.432038,-4.605983,7.315439,0.373354
