-18.443469,-30.410528,11.705017,1.559503
-18.442975,-30.410675,11.704844,1.559582
-18.439520,-30.411706,11.703636,1.560136
-18.430140,-30.414505,11.700356,1.561641
-18.411874,-30.419955,11.693970,1.564572
-18.381760,-30.428941,11.683441,1.569405
-18.336836,-30.442345,11.667733,1.576613
-18.274139,-30.461053,11.645812,1.586674
-18.190708,-30.485947,11.616641,1.600061
-18.083581,-30.517912,11.579185,1.617252
-17.949796,-30.557831,11.532408,1.638719
-17.786390,-30.606588,11.475274,1.664940
-17.590401,-30.665067,11.406748,1.696389
-17.358869,-30.734152,11.325795,1.733542
-17.088829,-30.814727,11.231378,1.776873
-16.777321,-30.907675,11.122462,1.826859
-16.421383,-31.013881,10.998010,1.883974
-16.018051,-31.134227,10.856989,1.948694
-15.564426,-31.269587,10.698375,2.021488
-15.062565,-31.419903,10.522212,2.102312
-14.523078,-31.583515,10.330386,2.190236
-13.957420,-31.758603,10.124964,2.284244
-13.377048,-31.943348,9.908015,2.383320
-12.793419,-32.135931,9.681605,2.486447
-12.217988,-32.334532,9.447801,2.592608
-11.662212,-32.537333,9.208672,2.700787
-11.137547,-32.742513,8.966285,2.809967
-10.655450,-32.948254,8.722707,2.919131
-10.227376,-33.152736,8.480005,3.027264
-9.864782,-33.354140,8.240248,3.133347
-9.579125,-33.550647,8.005502,-3.046820
-9.381859,-33.740437,7.777835,-2.947883
-9.284443,-33.921692,7.559315,-2.854046
-9.298332,-34.092591,7.352009,-2.766323
-9.434981,-34.251315,7.157984,-2.685732
-9.705849,-34.396046,6.979308,-2.613289
-10.121410,-34.524981,6.817933,-2.549946
-10.676714,-34.636604,6.673998,-2.495633
-11.354529,-34.729623,6.546195,-2.449464
-12.137285,-34.802752,6.433178,-2.410532
-13.007412,-34.854705,6.333602,-2.377931
-13.947337,-34.884198,6.246120,-2.350754
-14.939492,-34.889945,6.169385,-2.328092
-15.966304,-34.870660,6.102052,-2.309040
-17.010203,-34.825058,6.042774,-2.292690
-18.053618,-34.751854,5.990205,-2.278135
-19.078978,-34.649761,5.942999,-2.264467
-20.068713,-34.517496,5.899810,-2.250781
-21.005252,-34.353771,5.859290,-2.236168
-21.871024,-34.157302,5.820095,-2.219721
-22.648458,-33.926804,5.780877,-2.200534
-23.319984,-33.660990,5.740291,-2.177699
-23.868030,-33.358576,5.696990,-2.150310
-24.275026,-33.018275,5.649628,-2.117459
-24.526721,-32.639585,5.597240,-2.078401
-24.627895,-32.226479,5.541054,-2.033320
-24.590098,-31.784526,5.483075,-1.982730
-24.424891,-31.319297,5.425309,-1.927145
-24.143833,-30.836362,5.369765,-1.867082
-23.758483,-30.341291,5.318447,-1.803053
-23.280402,-29.839656,5.273363,-1.735575
-22.721147,-29.337026,5.236519,-1.665160
-22.092279,-28.838972,5.209923,-1.592326
-21.405357,-28.351065,5.195582,-1.517585
-20.671941,-27.878875,5.195500,-1.441452
-19.903589,-27.427972,5.211687,-1.364443
-19.111862,-27.003927,5.246147,-1.287072
-18.308319,-26.612310,5.300889,-1.209853
-17.504519,-26.258692,5.377918,-1.133302
-16.712022,-25.948643,5.479241,-1.057932
-15.942387,-25.687734,5.606866,-0.984260
-15.207162,-25.481529,5.762794,-0.912797
-14.514575,-25.333504,5.947597,-0.843892
-13.864893,-25.242139,6.158424,-0.777484
-13.257216,-25.205179,6.391917,-0.713457
-12.690642,-25.220370,6.644722,-0.651692
-12.164273,-25.285457,6.913483,-0.592073
-11.677206,-25.398186,7.194845,-0.534482
-11.228542,-25.556301,7.485452,-0.478801
-10.817381,-25.757549,7.781948,-0.424913
-10.442821,-25.999675,8.080978,-0.372699
-10.103963,-26.280423,8.379187,-0.322044
-9.799906,-26.597541,8.673218,-0.272828
-9.529749,-26.948772,8.959717,-0.224935
-9.292593,-27.331862,9.235328,-0.178246
-9.087536,-27.744558,9.496694,-0.132645
-8.913678,-28.184604,9.740462,-0.088014
-8.770119,-28.649745,9.963274,-0.044234
-8.655958,-29.137728,10.161776,-0.001190
-8.570309,-29.646272,10.332691,0.041240
-8.512642,-30.172423,10.474853,0.083231
-8.482820,-30.712496,10.589390,0.125019
-8.480722,-31.262766,10.677544,0.166845
-8.506231,-31.819511,10.740559,0.208950
-8.559226,-32.379008,10.779678,0.251572
-8.639588,-32.937533,10.796144,0.294952
-8.747199,-33.491363,10.791200,0.339330
-8.881940,-34.036775,10.766088,0.384945
-9.043690,-34.570046,10.722052,0.432039
-9.232332,-35.087452,10.660335,0.480851
-9.447745,-35.585271,10.582180,0.531621
-9.689811,-36.059779,10.488830,0.584588
-9.958411,-36.507253,10.381527,0.639994
-10.253425,-36.923970,10.261515,0.698077
-10.574734,-37.306206,10.130037,0.759079
-10.922220,-37.650239,9.988336,0.823238
-11.295762,-37.952345,9.837655,0.890796
-11.695027,-38.209086,9.679207,0.961956
-12.117868,-38.419411,9.513966,1.036626
-12.561241,-38.583456,9.342782,1.114564
-13.022092,-38.701367,9.166507,1.195529
-13.497369,-38.773290,8.985991,1.279280
-13.984020,-38.799370,8.802085,1.365573
-14.478992,-38.779753,8.615639,1.454166
-14.979233,-38.714586,8.427505,1.544819
-15.481689,-38.604012,8.238533,1.637288
-15.983308,-38.448180,8.049574,1.731332
-16.481038,-38.247233,7.861479,1.826709
-16.971827,-38.001318,7.675098,1.923177
-17.452621,-37.710580,7.491282,2.020493
-17.920368,-37.375166,7.310882,2.118416
-18.372015,-36.995221,7.134749,2.216704
-18.804511,-36.570890,6.963733,2.315115
-19.214802,-36.102319,6.798686,2.413407
-19.599835,-35.589655,6.640457,2.511337
-19.957152,-35.034069,6.489927,2.608737
-20.286301,-34.440209,6.348074,2.705688
-20.587254,-33.813458,6.215897,2.802319
-20.859984,-33.159199,6.094397,2.898765
-21.104465,-32.482815,5.984572,2.995156
-21.320669,-31.789690,5.887422,3.091624
-21.508570,-31.085206,5.803946,-3.094882
-21.668141,-30.374747,5.735143,-2.997862
-21.799355,-29.663697,5.682014,-2.900368
-21.902185,-28.957437,5.645556,-2.802269
-21.976604,-28.261351,5.626770,-2.703431
-22.022584,-27.580823,5.626655,-2.603724
-22.040100,-26.921236,5.646210,-2.503014
-22.029123,-26.287972,5.686435,-2.401171
-21.989628,-25.686415,5.748329,-2.298062
-21.921588,-25.121948,5.832891,-2.193555
-21.824974,-24.599955,5.941121,-2.087518
-21.699767,-24.125774,6.073994,-1.979825
-21.546278,-23.702399,6.231162,-1.870654
-21.365314,-23.329338,6.410317,-1.760638
-21.157720,-23.005816,6.608987,-1.650446
-20.924342,-22.731058,6.824705,-1.540748
-20.666027,-22.504289,7.055001,-1.432213
-20.383620,-22.324733,7.297406,-1.325509
-20.077968,-22.191617,7.549449,-1.221306
-19.749916,-22.104165,7.808662,-1.120274
-19.400311,-22.061601,8.072576,-1.023081
-19.029998,-22.063152,8.338721,-0.930396
-18.639825,-22.108041,8.604627,-0.842890
-18.230636,-22.195494,8.867826,-0.761230
-17.803278,-22.324735,9.125848,-0.686087
-17.358596,-22.494991,9.376223,-0.618129
-16.897438,-22.705485,9.616483,-0.558026
-16.420649,-22.955443,9.844158,-0.506446
-15.929074,-23.244090,10.056778,-0.464060
-15.423695,-23.570485,10.251969,-0.431452
-14.907192,-23.931586,10.428545,-0.408131
-14.383417,-24.322908,10.586140,-0.392869
-13.856242,-24.739935,10.724405,-0.384424
-13.329543,-25.178154,10.842989,-0.381552
-12.807193,-25.633050,10.941542,-0.383011
-12.293065,-26.100108,11.019715,-0.387557
-11.791033,-26.574814,11.077157,-0.393948
-11.304972,-27.052654,11.113518,-0.400940
-10.838755,-27.529112,11.128448,-0.407291
-10.396255,-27.999676,11.121598,-0.411758
-9.981348,-28.459829,11.092616,-0.413097
-9.597906,-28.905058,11.041154,-0.410066
-9.249803,-29.330849,10.966861,-0.401422
-8.940913,-29.732686,10.869387,-0.385922
-8.675111,-30.106055,10.748383,-0.362323
-8.456269,-30.446442,10.603497,-0.329381
-8.288261,-30.749333,10.434381,-0.285855
-8.174092,-31.011164,10.241092,-0.230884
-8.112546,-31.232985,10.025670,-0.165468
-8.101136,-31.417236,9.790749,-0.091167
-8.137375,-31.566358,9.538967,-0.009541
-8.218773,-31.682794,9.272959,0.077849
-8.342844,-31.768984,8.995363,0.169443
-8.507098,-31.827370,8.708813,0.263680
-8.709048,-31.860394,8.415947,0.359001
-8.946206,-31.870497,8.119401,0.453845
-9.216083,-31.860120,7.821810,0.546650
-9.516191,-31.831705,7.525812,0.635858
-9.844043,-31.787694,7.234043,0.719907
-10.197151,-31.730527,6.949138,0.797237
-10.573025,-31.662647,6.673735,0.866288
-10.969178,-31.586495,6.410469,0.925500
-11.383123,-31.504512,6.161977,0.973311
-11.812370,-31.419139,5.930895,1.008161
-12.254434,-31.332813,5.719854,1.028497
-12.706983,-31.247089,5.530667,1.033614
-13.168014,-31.161717,5.363471,1.024557
-13.635558,-31.076227,5.218200,1.002584
-14.107650,-30.990147,5.094782,0.968954
-14.582323,-30.903005,4.993152,0.924925
-15.057612,-30.814333,4.913239,0.871756
-15.531549,-30.723657,4.854977,0.810705
-16.002169,-30.630507,4.818295,0.743030
-16.467504,-30.534413,4.803127,0.669989
-16.925589,-30.434902,4.809403,0.592842
-17.374458,-30.331505,4.837055,0.512847
-17.812143,-30.223750,4.886014,0.431261
-18.236679,-30.111165,4.956214,0.349344
-18.646099,-29.993281,5.047583,0.268354
-19.038437,-29.869625,5.160056,0.189549
-19.411727,-29.739728,5.293563,0.114188
-19.764001,-29.603117,5.448035,0.043528
-20.093302,-29.459340,5.623355,-0.021210
-20.397802,-29.308321,5.818382,-0.079618
-20.675806,-29.150339,6.031013,-0.132048
-20.925620,-28.985683,6.259108,-0.178882
-21.145551,-28.814647,6.500527,-0.220502
-21.333907,-28.637521,6.753131,-0.257289
-21.488995,-28.454598,7.014781,-0.289626
-21.609121,-28.266169,7.283335,-0.317894
-21.692594,-28.072525,7.556654,-0.342476
-21.737720,-27.873959,7.832599,-0.363752
-21.742807,-27.670761,8.109030,-0.382105
-21.706162,-27.463224,8.383806,-0.397918
-21.626092,-27.251638,8.654788,-0.411570
-21.500904,-27.036297,8.919837,-0.423445
-21.328906,-26.817490,9.176812,-0.433924
-21.108404,-26.595510,9.423573,-0.443389
-20.837707,-26.370649,9.657982,-0.452223
-20.515120,-26.143198,9.877897,-0.460806
-20.139594,-25.913673,10.081321,-0.469503
-19.714566,-25.684156,10.267243,-0.478563
-19.245388,-25.457400,10.435075,-0.488181
-18.737421,-25.236159,10.584228,-0.498556
-18.196025,-25.023187,10.714116,-0.509882
-17.626559,-24.821237,10.824152,-0.522358
-17.034383,-24.633065,10.913749,-0.536180
-16.424858,-24.461424,10.982318,-0.551545
-15.803343,-24.309068,11.029274,-0.568649
-15.175198,-24.178752,11.054028,-0.587690
-14.545782,-24.073230,11.055993,-0.608863
-13.920457,-23.995255,11.034583,-0.632367
-13.304581,-23.947583,10.989210,-0.658397
-12.703515,-23.932967,10.919287,-0.687150
-12.122618,-23.954162,10.824226,-0.718824
-11.567251,-24.013921,10.703441,-0.753614
-11.042772,-24.114999,10.556343,-0.791718
-10.554542,-24.260148,10.382348,-0.833333
-10.106445,-24.450734,10.181664,-0.878594
-9.698128,-24.684130,9.956794,-0.927464
-9.328484,-24.956994,9.710648,-0.979874
-8.996401,-25.265987,9.446138,-1.035754
-8.700772,-25.607768,9.166176,-1.095035
-8.440487,-25.978996,8.873671,-1.157649
-8.214436,-26.376332,8.571536,-1.223526
-8.021510,-26.796434,8.262681,-1.292598
-7.860600,-27.235963,7.950018,-1.364795
-7.730597,-27.691577,7.636458,-1.440048
-7.630391,-28.159937,7.324912,-1.518288
-7.558873,-28.637701,7.018291,-1.599446
-7.514934,-29.121530,6.719507,-1.683453
-7.497465,-29.608082,6.431470,-1.770240
-7.505355,-30.094018,6.157092,-1.859738
-7.537497,-30.575997,5.899283,-1.951878
-7.592779,-31.050679,5.660956,-2.046590
-7.670122,-31.514743,5.444988,-2.143805
-7.769461,-31.965645,5.253030,-2.243398
-7.892044,-32.401834,5.085156,-2.345174
-8.039203,-32.821826,4.941338,-2.448935
-8.212270,-33.224135,4.821545,-2.554482
-8.412577,-33.607277,4.725748,-2.661617
-8.641458,-33.969766,4.653920,-2.770141
-8.900244,-34.310118,4.606029,-2.879855
-9.190268,-34.626847,4.582048,-2.990561
-9.512861,-34.918468,4.581947,-3.102060
-9.869357,-35.183497,4.605697,3.069033
-10.261088,-35.420447,4.653268,2.956544
-10.689386,-35.627835,4.724633,2.843857
-11.155583,-35.804175,4.819761,2.731173
-11.661012,-35.947982,4.938623,2.618689
-12.207005,-36.057771,5.081190,2.506603
-12.794895,-36.132057,5.247434,2.395115
-13.426013,-36.169356,5.437324,2.284423
-14.101154,-36.168367,5.650617,2.174724
-14.815529,-36.129725,5.884828,2.066183
-15.561040,-36.055208,6.136147,1.958951
-16.329545,-35.946609,6.400746,1.853178
-17.112903,-35.805722,6.674798,1.749013
-17.902973,-35.634341,6.954475,1.646606
-18.691613,-35.434258,7.235949,1.546106
-19.470683,-35.207268,7.515393,1.447664
-20.232040,-34.955162,7.788979,1.351428
-20.967543,-34.679736,8.052879,1.257549
-21.669052,-34.382783,8.303266,1.166177
-22.328425,-34.066094,8.536312,1.077460
-22.937520,-33.731466,8.748189,0.991549
-23.488196,-33.380689,8.935070,0.908593
-23.972312,-33.015559,9.093126,0.828742
-24.381727,-32.637868,9.218531,0.752146
-24.708299,-32.249410,9.307456,0.678953
-24.943887,-31.851979,9.356075,0.609315
-25.082699,-31.447454,9.361799,0.543344
-25.128562,-31.038078,9.327129,0.481001
-25.087769,-30.626180,9.255864,0.422212
-24.966612,-30.214095,9.151804,0.366898
-24.771382,-29.804154,9.018749,0.314985
-24.508372,-29.398688,8.860501,0.266396
-24.183872,-29.000031,8.680859,0.221053
-23.804176,-28.610514,8.483622,0.178882
-23.375574,-28.232469,8.272593,0.139806
-22.904359,-27.868230,8.051570,0.103748
-22.396822,-27.520126,7.824354,0.070631
-21.859255,-27.190492,7.594745,0.040381
-21.297951,-26.881658,7.366544,0.012920
-20.719200,-26.595958,7.143550,-0.011828
-20.129295,-26.335723,6.929565,-0.033940
-19.534528,-26.103285,6.728387,-0.053491
-18.941190,-25.900977,6.543818,-0.070558
-18.355549,-25.731118,6.379638,-0.085217
-17.781771,-25.595003,6.237954,-0.097471
-17.220320,-25.492115,6.117923,-0.107195
-16.671282,-25.421754,6.018401,-0.114254
-16.134744,-25.383221,5.938245,-0.118511
-15.610792,-25.375816,5.876310,-0.119829
-15.099513,-25.398838,5.831454,-0.118071
-14.600994,-25.451587,5.802532,-0.113100
-14.115321,-25.533364,5.788402,-0.104780
-13.642580,-25.643468,5.787919,-0.092974
-13.182859,-25.781200,5.799941,-0.077546
-12.736243,-25.945859,5.823322,-0.058358
-12.302820,-26.136746,5.856921,-0.035275
-11.882676,-26.353160,5.899593,-0.008158
-11.475897,-26.594402,5.950194,0.023128
-11.082570,-26.859771,6.007582,0.058720
-10.702782,-27.148568,6.070612,0.098756
-10.336619,-27.460092,6.138141,0.143371
-9.984279,-27.793592,6.209063,0.192686
-9.647769,-28.147477,6.282895,0.246569
-9.330566,-28.519474,6.359659,0.304680
-9.036190,-28.907290,6.439389,0.366672
-8.768160,-29.308631,6.522124,0.432200
-8.529996,-29.721204,6.607898,0.500918
-8.325218,-30.142718,6.696748,0.572480
-8.157345,-30.570878,6.788710,0.646539
-8.029897,-31.003392,6.883819,0.722750
-7.946394,-31.437966,6.982113,0.800768
-7.910355,-31.872309,7.083628,0.880245
-7.925300,-32.304126,7.188398,0.960837
-7.994749,-32.731124,7.296461,1.042197
-8.122221,-33.151012,7.407853,1.123979
-8.311236,-33.561495,7.522609,1.205837
-8.565314,-33.960281,7.640766,1.287426
-8.887974,-34.345077,7.762361,1.368400
-9.282735,-34.713589,7.887428,1.448412
-9.751904,-35.063712,8.015815,1.527188
-10.290644,-35.394439,8.146253,1.604881
-10.891524,-35.705160,8.277070,1.681795
-11.547105,-35.995268,8.406590,1.758235
-12.249951,-36.264156,8.533140,1.834507
-12.992624,-36.511217,8.655046,1.910917
-13.767688,-36.735842,8.770633,1.987770
-14.567706,-36.937425,8.878227,2.065372
-15.385240,-37.115358,8.976155,2.144029
-16.212853,-37.269034,9.062741,2.224045
-17.043109,-37.397844,9.136312,2.305727
-17.868570,-37.501182,9.195194,2.389380
-18.681799,-37.578440,9.237711,2.475309
-19.475360,-37.629011,9.262192,2.563821
-20.241814,-37.652287,9.266960,2.655220
-20.973726,-37.647661,9.250342,2.749813
-21.663657,-37.614525,9.210664,2.847904
-22.304178,-37.552273,9.146254,2.949799
-22.889931,-37.460991,9.056485,3.055568
-23.420642,-37.342450,8.943280,-3.118480
-23.896803,-37.198678,8.808951,-3.006565
-24.318905,-37.031704,8.655808,-2.892466
-24.687439,-36.843554,8.486160,-2.776774
-25.002898,-36.636256,8.302317,-2.660080
-25.265771,-36.411838,8.106589,-2.542976
-25.476551,-36.172327,7.901287,-2.426054
-25.635728,-35.919750,7.688721,-2.309907
-25.743794,-35.656136,7.471199,-2.195125
-25.801241,-35.383511,7.251033,-2.082301
-25.808559,-35.103903,7.030533,-1.972025
-25.766240,-34.819340,6.812007,-1.864891
-25.674775,-34.531848,6.597767,-1.761490
-25.534656,-34.243457,6.390123,-1.662414
-25.346373,-33.956193,6.191383,-1.568253
-25.110418,-33.672083,6.003859,-1.479601
-24.827339,-33.393122,5.829821,-1.397032
-24.499244,-33.120352,5.670426,-1.320631
-24.129977,-32.853765,5.525598,-1.249944
-23.723469,-32.593295,5.395199,-1.184487
-23.283652,-32.338878,5.279088,-1.123777
-22.814460,-32.090449,5.177126,-1.067332
-22.319824,-31.847944,5.089173,-1.014666
-21.803677,-31.611298,5.015089,-0.965298
-21.269952,-31.380446,4.954734,-0.918744
-20.722580,-31.155325,4.907969,-0.874520
-20.165494,-30.935868,4.874653,-0.832144
-19.602626,-30.722012,4.854648,-0.791132
-19.037909,-30.513692,4.847813,-0.751001
-18.475276,-30.310844,4.854009,-0.711268
-17.918658,-30.113402,4.873096,-0.671448
-17.371987,-29.921302,4.904933,-0.631060
-16.839198,-29.734480,4.949383,-0.589620
-16.324220,-29.552871,5.006303,-0.546644
-15.830743,-29.376538,5.075531,-0.501673
-15.360343,-29.206637,5.156685,-0.454457
-14.913527,-29.044882,5.249276,-0.404850
-14.490791,-28.892992,5.352812,-0.352707
-14.092631,-28.752684,5.466803,-0.297885
-13.719543,-28.625677,5.590757,-0.240238
-13.372025,-28.513688,5.724185,-0.179623
-13.050572,-28.418437,5.866595,-0.115895
-12.755680,-28.341641,6.017496,-0.048910
-12.487848,-28.285018,6.176397,0.021477
-12.247570,-28.250287,6.342808,0.095410
-12.035343,-28.239166,6.516237,0.173034
-11.851664,-28.253373,6.696194,0.254493
-11.697028,-28.294626,6.882187,0.339931
-11.571934,-28.364643,7.073727,0.429492
-11.476876,-28.465143,7.270321,0.523322
-11.412352,-28.597844,7.471480,0.621565
-11.378858,-28.764463,7.676711,0.724364
-11.376616,-28.965825,7.885433,0.831757
-11.404901,-29.199646,8.096741,0.943412
-11.462779,-29.462971,8.309661,1.058915
-11.549318,-29.752847,8.523220,1.177852
-11.663586,-30.066317,8.736445,1.299810
-11.804651,-30.400426,8.948363,1.424376
-11.971581,-30.752220,9.158000,1.551137
-12.163443,-31.118744,9.364382,1.679678
-12.379304,-31.497042,9.566537,1.809586
-12.618234,-31.884160,9.763491,1.940448
-12.879298,-32.277143,9.954270,2.071851
-13.161565,-32.673035,10.137901,2.203382
-13.464103,-33.068881,10.313411,2.334626
-13.785980,-33.461728,10.479827,2.465170
-14.126262,-33.848619,10.636174,2.594601
-14.484018,-34.226599,10.781480,2.722506
-14.858316,-34.592715,10.914771,2.848470
-15.248221,-34.944023,11.035085,2.972081
-15.652720,-35.278342,11.142036,3.092850
-16.070675,-35.594643,11.236118,-3.073003
-16.500940,-35.891992,11.317900,-2.959711
-16.942367,-36.169456,11.387949,-2.851065
-17.393810,-36.426102,11.446832,-2.747668
-17.854121,-36.660996,11.495117,-2.650126
-18.322153,-36.873207,11.533371,-2.559043
-18.796760,-37.061800,11.562162,-2.475023
-19.276794,-37.225842,11.582057,-2.398671
-19.761108,-37.364400,11.593624,-2.330591
-20.248556,-37.476542,11.597429,-2.271389
-20.737990,-37.561333,11.594042,-2.221667
-21.228263,-37.617841,11.584028,-2.182032
-21.718228,-37.645133,11.567957,-2.153086
-22.206739,-37.642274,11.546394,-2.135436
-22.692647,-37.608333,11.519908,-2.129685
-23.174807,-37.542376,11.489066,-2.136437
-23.652032,-37.443620,11.454385,-2.156220
-24.122633,-37.313242,11.415716,-2.188542
-24.584566,-37.153794,11.372445,-2.232198
-25.035781,-36.967859,11.323946,-2.285967
-25.474225,-36.758018,11.269595,-2.348629
-25.897849,-36.526853,11.208767,-2.418963
-26.304601,-36.276944,11.140837,-2.495749
-26.692430,-36.010875,11.065182,-2.577766
-27.059286,-35.731226,10.981175,-2.663794
-27.403117,-35.440578,10.888192,-2.752613
-27.721872,-35.141514,10.785608,-2.843001
-28.013501,-34.836616,10.672799,-2.933739
-28.275952,-34.528463,10.549141,-3.023607
-28.507174,-34.219639,10.414007,-3.111383
-28.705118,-33.912725,10.266774,3.087339
-28.867730,-33.610302,10.106816,3.007407
-28.992961,-33.314952,9.933509,2.933228
-29.078760,-33.029256,9.746229,2.866022
-29.123494,-32.755444,9.544843,2.806761
-29.127604,-32.493996,9.331670,2.755185
-29.092173,-32.244853,9.109784,2.710654
-29.018285,-32.007953,8.882260,2.672527
-28.907023,-31.783236,8.652172,2.640162
-28.759470,-31.570643,8.422596,2.612918
-28.576710,-31.370112,8.196607,2.590154
-28.359826,-31.181584,7.977279,2.571229
-28.109901,-31.004998,7.767688,2.555502
-27.828018,-30.840294,7.570908,2.542333
-27.515261,-30.687411,7.390014,2.531079
-27.172714,-30.546290,7.228081,2.521100
-26.801459,-30.416869,7.088184,2.511755
-26.402580,-30.299089,6.973398,2.502403
-25.977159,-30.192889,6.886797,2.492402
-25.526282,-30.098209,6.831458,2.481112
-25.051030,-30.014988,6.810454,2.467891
-24.552488,-29.943168,6.826848,2.452102
-24.031951,-29.882922,6.881754,2.433535
-23.491153,-29.834909,6.972196,2.412887
-22.931884,-29.799850,7.094683,2.390963
-22.355934,-29.778465,7.245726,2.368574
-21.765092,-29.771477,7.421833,2.346526
-21.161149,-29.779604,7.619515,2.325627
-20.545893,-29.803569,7.835281,2.306687
-19.921116,-29.844092,8.065640,2.290512
-19.288607,-29.901893,8.307102,2.277911
-18.650155,-29.977694,8.556177,2.269692
-18.007550,-30.072215,8.809374,2.266663
-17.362582,-30.186177,9.063202,2.269632
-16.717042,-30.320301,9.314172,2.279407
-16.072718,-30.475308,9.558794,2.296796
-15.431400,-30.651917,9.793575,2.322608
-14.794879,-30.850852,10.015027,2.357649
-14.164944,-31.072831,10.219659,2.402729
-13.543419,-31.318496,10.404069,2.458616
-12.932857,-31.586800,10.566771,2.525244
-12.336511,-31.875072,10.708116,2.601744
-11.757662,-32.180578,10.828526,2.687215
-11.199591,-32.500581,10.928426,2.780756
-10.665578,-32.832347,11.008239,2.881468
-10.158904,-33.173141,11.068390,2.988448
-9.682851,-33.520226,11.109302,3.100796
-9.240699,-33.870869,11.131399,-3.065573
-8.835730,-34.222333,11.135104,-2.945191
-8.471223,-34.571883,11.120843,-2.822142
-8.150460,-34.916785,11.089038,-2.697329
-7.876723,-35.254303,11.040113,-2.571651
-7.653291,-35.581701,10.974492,-2.446010
-7.483445,-35.896245,10.892600,-2.321306
-7.370468,-36.195199,10.794859,-2.198440
-7.317639,-36.475828,10.681694,-2.078312
-7.328239,-36.735397,10.553528,-1.961825
-7.404886,-36.971449,10.410860,-1.849781
-7.545442,-37.183534,10.254714,-1.742297
-7.745693,-37.372075,10.086346,-1.639188
-8.001417,-37.537498,9.907013,-1.540266
-8.308392,-37.680230,9.717971,-1.445345
-8.662395,-37.800698,9.520478,-1.354239
-9.059205,-37.899328,9.315791,-1.266761
-9.494600,-37.976547,9.105165,-1.182725
-9.964356,-38.032782,8.889857,-1.101943
-10.464253,-38.068459,8.671125,-1.024229
-10.990068,-38.084006,8.450225,-0.949397
-11.537578,-38.079848,8.228414,-0.877261
-12.102562,-38.056413,8.006948,-0.807633
-12.680797,-38.014127,7.787084,-0.740327
-13.268062,-37.953418,7.570080,-0.675156
-13.860133,-37.874710,7.357191,-0.611934
-14.452790,-37.778433,7.149674,-0.550475
-15.041810,-37.665011,6.948787,-0.490591
-15.623510,-37.534829,6.755688,-0.432069
-16.195798,-37.388146,6.571252,-0.374615
-16.756869,-37.225196,6.396302,-0.317920
-17.304921,-37.046217,6.231659,-0.261677
-17.838150,-36.851442,6.078146,-0.205576
-18.354752,-36.641108,5.936584,-0.149310
-18.852926,-36.415450,5.807796,-0.092569
-19.330866,-36.174704,5.692604,-0.035045
-19.786770,-35.919104,5.591830,0.023570
-20.218835,-35.648888,5.506296,0.083584
-20.625258,-35.364289,5.436824,0.145307
-21.004234,-35.065544,5.384237,0.209047
-21.353962,-34.752889,5.349355,0.275111
-21.672637,-34.426558,5.333003,0.343809
-21.958456,-34.086787,5.336001,0.415450
-22.209617,-33.733811,5.359172,0.490341
-22.424315,-33.367867,5.403337,0.568791
-22.600778,-32.989205,5.469288,0.651096
-22.738421,-32.598673,5.556565,0.737047
-22.838221,-32.197904,5.663072,0.825778
-22.901256,-31.788582,5.786601,0.916376
-22.928608,-31.372394,5.924945,1.007928
-22.921357,-30.951023,6.075897,1.099522
-22.880583,-30.526155,6.237248,1.190246
-22.807366,-30.099475,6.406793,1.279187
-22.702787,-29.672668,6.582322,1.365433
-22.567926,-29.247420,6.761630,1.448072
-22.403864,-28.825415,6.942509,1.526191
-22.211679,-28.408339,7.122751,1.598877
-21.992454,-27.997876,7.300150,1.665219
-21.747269,-27.595712,7.472496,1.724304
-21.477202,-27.203532,7.637585,1.775220
-21.183336,-26.823020,7.793207,1.817054
-20.866750,-26.455863,7.937156,1.848894
-20.528525,-26.103745,8.067224,1.869827
-20.169752,-25.768348,8.181394,1.879063
-19.791660,-25.451314,8.279669,1.877100
-19.395554,-25.154263,8.363280,1.865220
-18.982744,-24.878813,8.433473,1.844715
-18.554536,-24.626583,8.491493,1.816877
-18.112240,-24.399192,8.538587,1.782998
-17.657164,-24.198259,8.576002,1.744370
-17.190615,-24.025403,8.604982,1.702285
-16.713903,-23.882242,8.626775,1.658034
-16.228335,-23.770396,8.642626,1.612911
-15.735220,-23.691484,8.653782,1.568206
-15.235866,-23.647123,8.661488,1.525213
-14.731580,-23.638934,8.666992,1.485222
-14.223672,-23.668534,8.671539,1.449526
-13.713449,-23.737543,8.676375,1.419417
-13.202220,-23.847580,8.682747,1.396188
-12.691293,-24.000263,8.691901,1.381129
-12.181976,-24.197212,8.705082,1.375533
-11.675657,-24.439126,8.723140,1.380282
-11.174052,-24.722858,8.745253,1.394537
-10.678967,-25.044247,8.770165,1.417008
-10.192205,-25.399134,8.796616,1.446405
-9.715570,-25.783361,8.823349,1.481439
-9.250869,-26.192767,8.849106,1.520820
-8.799903,-26.623194,8.872628,1.563257
-8.364479,-27.070483,8.892659,1.607461
-7.946400,-27.530475,8.907940,1.652141
-7.547470,-27.999009,8.917212,1.696009
-7.169495,-28.471928,8.919219,1.737774
-6.814277,-28.945071,8.912701,1.776146
-6.483622,-29.414280,8.896402,1.809835
-6.179335,-29.875396,8.869062,1.837552
-5.903218,-30.324259,8.829425,1.858006
-5.657077,-30.756710,8.776232,1.869908
-5.442716,-31.168591,8.708224,1.871968
-5.261932,-31.555758,8.624155,1.862904
-5.115765,-31.915669,8.523713,1.842199
-5.003898,-32.248660,8.408275,1.810714
-4.925871,-32.555368,8.279394,1.769454
-4.881224,-32.836431,8.138624,1.719424
-4.869498,-33.092485,7.987516,1.661627
-4.890234,-33.324167,7.827623,1.597069
-4.942970,-33.532114,7.660500,1.526755
-5.027248,-33.716965,7.487699,1.451688
-5.142607,-33.879354,7.310773,1.372874
-5.288589,-34.019921,7.131275,1.291318
-5.464732,-34.139301,6.950758,1.208023
-5.670578,-34.238132,6.770775,1.123995
-5.905666,-34.317052,6.592879,1.040239
-6.169538,-34.376696,6.418623,0.957758
-6.461732,-34.417703,6.249560,0.877558
-6.781790,-34.440709,6.087243,0.800644
-7.129251,-34.446351,5.933226,0.728019
-7.503608,-34.435307,5.789016,0.660655
-7.903539,-34.408938,5.655384,0.598956
-8.327046,-34.369169,5.532485,0.542853
-8.772114,-34.317945,5.420456,0.492264
-9.236725,-34.257209,5.319435,0.447108
-9.718863,-34.188904,5.229559,0.407303
-10.216509,-34.114975,5.150964,0.372767
-10.727648,-34.037365,5.083789,0.343418
-11.250262,-33.958017,5.028170,0.319174
-11.782334,-33.878875,4.984245,0.299953
-12.321848,-33.801883,4.952151,0.285674
-12.866785,-33.728985,4.932024,0.276254
-13.415130,-33.662123,4.924002,0.271611
-13.964866,-33.603243,4.928223,0.271664
-14.513974,-33.554286,4.944823,0.276331
-15.060439,-33.517197,4.973940,0.285529
-15.602242,-33.493920,5.015710,0.299177
-16.137368,-33.486399,5.070272,0.317194
-16.663849,-33.495979,5.137603,0.339444
-17.180014,-33.520420,5.216730,0.365485
-17.684303,-33.556141,5.306322,0.394757
-18.175157,-33.599560,5.405049,0.426698
-18.651017,-33.647096,5.511582,0.460750
-19.110322,-33.695166,5.624589,0.496352
-19.551513,-33.740188,5.742741,0.532943
-19.973031,-33.778580,5.864706,0.569965
-20.373316,-33.806760,5.989156,0.606856
-20.750809,-33.821147,6.114759,0.643056
-21.103949,-33.818158,6.240185,0.678006
-21.431178,-33.794210,6.364104,0.711145
-21.730935,-33.745723,6.485186,0.741914
-22.001662,-33.669115,6.602100,0.769751
-22.241799,-33.560802,6.713516,0.794098
-22.449786,-33.417203,6.818104,0.814393
-22.624063,-33.234736,6.914533,0.830077
-22.763074,-33.009825,7.001475,0.840590
-22.866106,-32.740838,7.078148,0.845729
-22.934570,-32.431030,7.145141,0.846178
-22.970202,-32.084405,7.203254,0.842759
-22.974738,-31.704969,7.253290,0.836296
-22.949916,-31.296727,7.296048,0.827611
-22.897472,-30.863685,7.332330,0.817525
-22.819143,-30.409849,7.362937,0.806863
-22.716665,-29.939223,7.388669,0.796445
-22.591774,-29.455814,7.410328,0.787095
-22.446209,-28.963626,7.428714,0.779634
-22.281705,-28.466666,7.444628,0.774886
-22.099999,-27.968939,7.458872,0.773672
-21.902828,-27.474450,7.472246,0.776816
-21.691928,-26.987205,7.485551,0.785139
-21.469037,-26.511209,7.499588,0.799465
-21.235889,-26.050468,7.515158,0.820615
-20.994224,-25.608987,7.533062,0.849411
-20.745756,-25.190732,7.554082,0.886648
-20.491616,-24.798476,7.578475,0.932271
-20.232270,-24.433648,7.605899,0.985267
-19.968149,-24.097604,7.635980,1.044568
-19.699683,-23.791699,7.668346,1.109111
-19.427302,-23.517288,7.702623,1.177829
-19.151436,-23.275727,7.738438,1.249657
-18.872516,-23.068372,7.775417,1.323529
-18.590973,-22.896577,7.813187,1.398380
-18.307236,-22.761699,7.851375,1.473143
-18.021735,-22.665093,7.889606,1.546755
-17.734903,-22.608115,7.927509,1.618148
-17.447167,-22.592119,7.964709,1.686257
-17.158960,-22.618461,8.000834,1.750018
-16.870711,-22.688498,8.035509,1.808363
-16.582851,-22.803584,8.068362,1.860228
-16.295810,-22.965075,8.099019,1.904547
-16.010019,-23.174326,8.127107,1.940254
-15.726025,-23.432314,8.152322,1.966444
-15.445419,-23.736681,8.174981,1.983613
-15.170335,-24.083332,8.195724,1.992992
-14.902909,-24.468154,8.215190,1.995814
-14.645278,-24.887039,8.234023,1.993316
-14.399581,-25.335874,8.252864,1.986731
-14.167955,-25.810551,8.272354,1.977297
-13.952536,-26.306958,8.293135,1.966247
-13.755463,-26.820984,8.315848,1.954817
-13.578873,-27.348520,8.341136,1.944242
-13.424903,-27.885454,8.369640,1.935757
-13.295691,-28.427676,8.402001,1.930597
-13.193373,-28.971076,8.438861,1.929998
-13.120088,-29.511543,8.480862,1.935195
-13.077973,-30.044966,8.528645,1.947422
-13.069165,-30.567235,8.582852,1.967916
-13.095802,-31.074240,8.644125,1.997910
-13.160020,-31.561869,8.713105,2.038641
-13.263226,-32.026816,8.790047,2.090956
-13.404223,-32.468629,8.873836,2.154328
-13.581239,-32.887487,8.963052,2.227925
-13.792500,-33.283571,9.056274,2.310914
-14.036235,-33.657063,9.152082,2.402463
-14.310669,-34.008142,9.249055,2.501740
-14.614031,-34.336990,9.345774,2.607912
-14.944548,-34.643786,9.440817,2.720146
-15.300446,-34.928712,9.532766,2.837611
-15.679953,-35.191948,9.620199,2.959474
-16.081295,-35.433675,9.701696,3.084903
-16.502702,-35.654074,9.775838,-3.070121
-16.942398,-35.853324,9.841203,-2.940058
-17.398612,-36.031607,9.896371,-2.808927
-17.869571,-36.189103,9.939923,-2.677560
-18.353501,-36.325993,9.970438,-2.546789
-18.848631,-36.442458,9.986495,-2.417447
-19.353182,-36.538674,9.986693,-2.290360
-19.865097,-36.614627,9.970730,-2.166033
-20.381880,-36.670002,9.940009,-2.044469
-20.901001,-36.704460,9.896080,-1.925629
-21.419928,-36.717659,9.840495,-1.809473
-21.936130,-36.709261,9.774801,-1.695961
-22.447074,-36.678925,9.700551,-1.585053
-22.950231,-36.626311,9.619293,-1.476711
-23.443067,-36.551080,9.532579,-1.370895
-23.923052,-36.452891,9.441958,-1.267564
-24.387654,-36.331404,9.348980,-1.166680
-24.834342,-36.186279,9.255195,-1.068202
-25.260584,-36.017177,9.162153,-0.972092
-25.663849,-35.823757,9.071406,-0.878309
-26.041604,-35.605679,8.984502,-0.786814
-26.391320,-35.362604,8.902991,-0.697567
-26.710463,-35.094191,8.828425,-0.610529
-26.996504,-34.800100,8.762353,-0.525661
-27.246974,-34.480171,8.706253,-0.442919
-27.460285,-34.136652,8.660637,-0.362225
-27.635474,-33.773522,8.625326,-0.283474
-27.771592,-33.394795,8.600122,-0.206560
-27.867693,-33.004488,8.584830,-0.131378
-27.922827,-32.606615,8.579255,-0.057822
-27.936047,-32.205192,8.583200,0.014214
-27.906404,-31.804234,8.596469,0.084835
-27.832950,-31.407756,8.618867,0.154147
-27.714737,-31.019775,8.650198,0.222256
-27.550816,-30.644305,8.690266,0.289266
-27.340240,-30.285361,8.738875,0.355284
-27.082060,-29.946960,8.795829,0.420416
-26.775328,-29.633116,8.860933,0.484767
-26.419096,-29.347844,8.933991,0.548442
-26.012416,-29.095161,9.014806,0.611548
-25.554339,-28.879081,9.103183,0.674189
-25.043918,-28.703620,9.198927,0.736472
-24.480990,-28.571877,9.301690,0.798504
-23.869392,-28.482302,9.410360,0.860394
-23.214225,-28.431870,9.523581,0.922255
-22.520590,-28.417556,9.639999,0.984200
-21.793590,-28.436336,9.758259,1.046341
-21.038327,-28.485185,9.877005,1.108791
-20.259902,-28.561078,9.994881,1.171661
-19.463418,-28.660990,10.110533,1.235064
-18.653977,-28.781897,10.222606,1.299112
-17.836679,-28.920773,10.329743,1.363918
-17.016629,-29.074594,10.430591,1.429594
-16.198926,-29.240335,10.523793,1.496252
-15.388674,-29.414971,10.607994,1.564005
-14.590974,-29.595477,10.681839,1.632965
-13.810929,-29.778829,10.743974,1.703244
-13.053639,-29.962002,10.793042,1.774955
-12.324208,-30.141971,10.827688,1.848210
-11.627730,-30.315714,10.846560,1.923120
-10.968198,-30.480871,10.848854,1.999620
-10.347235,-30.636496,10.834935,2.077263
-9.766161,-30.781827,10.805322,2.155557
-9.226293,-30.916099,10.760533,2.234006
-8.728951,-31.038550,10.701086,2.312116
-8.275452,-31.148417,10.627500,2.389393
-7.867115,-31.244937,10.540293,2.465341
-7.505259,-31.327347,10.439984,2.539468
-7.191202,-31.394885,10.327090,2.611277
-6.926263,-31.446786,10.202129,2.680276
-6.711759,-31.482288,10.065621,2.745968
-6.549010,-31.500628,9.918083,2.807861
-6.439334,-31.501043,9.760033,2.865459
-6.384050,-31.482770,9.591991,2.918268
-6.384475,-31.445046,9.414473,2.965794
-6.441929,-31.387108,9.227999,3.007543
-6.557730,-31.308193,9.033086,3.043019
-6.733065,-31.207616,8.830281,3.071755
-6.966219,-31.086406,8.620738,3.093875
-7.252634,-30.947274,8.406207,3.110081
-7.587632,-30.793001,8.188463,3.121100
-7.966536,-30.626367,7.969283,3.127658
-8.384667,-30.450154,7.750441,3.130484
-8.837348,-30.267143,7.533713,3.130303
-9.319903,-30.080114,7.320875,3.127843
-9.827652,-29.891848,7.113702,3.123831
-10.355918,-29.705126,6.913969,3.118992
-10.900024,-29.522730,6.723453,3.114055
-11.455293,-29.347439,6.543928,3.109745
-12.017046,-29.182035,6.377169,3.106791
-12.580606,-29.029299,6.224953,3.105918
-13.141296,-28.892012,6.089055,3.107854
-13.694437,-28.772954,5.971250,3.113325
-14.235353,-28.674906,5.873314,3.123059
-14.759365,-28.600650,5.797022,3.137782
-15.262159,-28.552594,5.743862,-3.125067
-15.742091,-28.530411,5.713201,-3.099242
-16.198707,-28.532555,5.703461,-3.068391
-16.631560,-28.557473,5.713061,-3.032975
-17.040202,-28.603611,5.740417,-2.993458
-17.424185,-28.669418,5.783948,-2.950302
-17.783062,-28.753340,5.842072,-2.903970
-18.116385,-28.853825,5.913206,-2.854924
-18.423706,-28.969320,5.995768,-2.803627
-18.704577,-29.098271,6.088176,-2.750541
-18.958551,-29.239128,6.188848,-2.696130
-19.185181,-29.390336,6.296201,-2.640856
-19.384018,-29.550342,6.408653,-2.585182
-19.554615,-29.717595,6.524622,-2.529570
-19.696524,-29.890541,6.642526,-2.474482
-19.809297,-30.067628,6.760782,-2.420382
-19.892488,-30.247303,6.877808,-2.367733
-19.945647,-30.428013,6.992023,-2.316995
-19.968831,-30.608581,7.102151,-2.268437
-19.963606,-30.788962,7.207846,-2.221733
-19.931823,-30.969324,7.308934,-2.176447
-19.875334,-31.149832,7.405243,-2.132144
-19.795990,-31.330654,7.496598,-2.088387
-19.695641,-31.511956,7.582827,-2.044741
-19.576139,-31.693907,7.663756,-2.000770
-19.439334,-31.876672,7.739213,-1.956039
-19.287078,-32.060418,7.809023,-1.910110
-19.121223,-32.245313,7.873013,-1.862550
-18.943618,-32.431523,7.931011,-1.812922
-18.756114,-32.619215,7.982842,-1.760790
-18.560564,-32.808557,8.028335,-1.705718
-18.358818,-32.999715,8.067314,-1.647270
-18.152727,-33.192855,8.099608,-1.585012
-17.944142,-33.388146,8.125043,-1.518506
-17.734915,-33.585754,8.143445,-1.447318
-17.526864,-33.785830,8.154651,-1.371022
-17.320516,-33.987889,8.158902,-1.289674
-17.114660,-34.190593,8.156979,-1.203968
-16.907970,-34.392544,8.149701,-1.114645
-16.699115,-34.592344,8.137888,-1.022444
-16.486766,-34.788596,8.122358,-0.928105
-16.269595,-34.979902,8.103931,-0.832367
-16.046273,-35.164864,8.083426,-0.735971
-15.815470,-35.342086,8.061662,-0.639655
-15.575857,-35.510168,8.039458,-0.544161
-15.326106,-35.667714,8.017634,-0.450228
-15.064888,-35.813326,7.997008,-0.358595
-14.790872,-35.945607,7.978400,-0.270002
-14.502732,-36.063158,7.962629,-0.185190
-14.199136,-36.164581,7.950514,-0.104897
-13.878757,-36.248480,7.942874,-0.029864
-13.540265,-36.313457,7.940529,0.039170
-13.182331,-36.358114,7.944297,0.101465
-12.803904,-36.381152,7.954919,0.156320
-12.406970,-36.382350,7.972271,0.203466
-11.995397,-36.362156,7.995696,0.242901
-11.573081,-36.321026,8.024527,0.274625
-11.143915,-36.259419,8.058099,0.298640
-10.711795,-36.177790,8.095745,0.314947
-10.280616,-36.076597,8.136799,0.323547
-9.854273,-35.956298,8.180597,0.324442
-9.436662,-35.817348,8.226471,0.317633
-9.031676,-35.660205,8.273755,0.303121
-8.643212,-35.485326,8.321785,0.280907
-8.275164,-35.293169,8.369893,0.250993
-7.931428,-35.084190,8.417415,0.213380
-7.615897,-34.858846,8.463684,0.168069
-7.332468,-34.617594,8.508033,0.115061
-7.085036,-34.360892,8.549798,0.054358
-6.877495,-34.089196,8.588312,-0.014039
-6.713740,-33.802963,8.622910,-0.090129
-6.596871,-33.503029,8.653105,-0.173811
-6.526566,-33.191848,8.679189,-0.264556
-6.501587,-32.872312,8.701659,-0.361720
-6.520693,-32.547311,8.721014,-0.464658
-6.582646,-32.219738,8.737753,-0.572726
-6.686206,-31.892483,8.752374,-0.685281
-6.830133,-31.568437,8.765375,-0.801678
-7.013190,-31.250491,8.777255,-0.921273
-7.234136,-30.941537,8.788513,-1.043422
-7.491732,-30.644465,8.799647,-1.167480
-7.784738,-30.362167,8.811155,-1.292805
-8.111916,-30.097534,8.823536,-1.418751
-8.472027,-29.853456,8.837288,-1.544674
-8.863829,-29.632826,8.852910,-1.669931
-9.286086,-29.438533,8.870900,-1.793876
-9.737556,-29.273470,8.891757,-1.915867
-10.217002,-29.140527,8.915979,-2.035259
-10.723180,-29.042579,8.944061,-2.151410
-11.254526,-28.980875,8.976056,-2.263855
-11.808887,-28.953671,9.011209,-2.372460
-12.384044,-28.958903,9.048680,-2.477124
-12.977779,-28.994504,9.087625,-2.577749
-13.587874,-29.058411,9.127203,-2.674234
-14.212111,-29.148559,9.166573,-2.766479
-14.848273,-29.262882,9.204892,-2.854385
-15.494140,-29.399316,9.241318,-2.937851
-16.147495,-29.555796,9.275010,-3.016778
-16.806121,-29.730256,9.305126,-3.091066
-17.467798,-29.920632,9.330824,3.122570
-18.130310,-30.124860,9.351262,3.057860
-18.791437,-30.340873,9.365599,2.998088
-19.448962,-30.566607,9.372991,2.943355
-20.100668,-30.799997,9.372599,2.893760
-20.744335,-31.038979,9.363579,2.849404
-21.377746,-31.281487,9.345090,2.810385
-21.998650,-31.525435,9.316352,2.776780
-22.604221,-31.768376,9.277679,2.748237
-23.191148,-32.007554,9.230307,2.724044
-23.756104,-32.240206,9.175500,2.703476
-24.295761,-32.463566,9.114526,2.685811
-24.806791,-32.674870,9.048650,2.670324
-25.285869,-32.871353,8.979138,2.656291
-25.729666,-33.050251,8.907255,2.642989
-26.134855,-33.208799,8.834267,2.629693
-26.498110,-33.344233,8.761441,2.615680
-26.816103,-33.453787,8.690041,2.600226
-27.085507,-33.534699,8.621334,2.582607
-27.302994,-33.584202,8.556586,2.562100
-27.465237,-33.599533,8.497062,2.537980
-27.568910,-33.577926,8.444028,2.509523
-27.610685,-33.516618,8.398749,2.476006
-27.587234,-33.412843,8.362492,2.436705
-27.495231,-33.263838,8.336523,2.390896
-27.332275,-33.067640,8.321912,2.338044
-27.101685,-32.827248,8.318526,2.278777
-26.808958,-32.547549,8.325774,2.214167
-26.459596,-32.233433,8.343064,2.145288
-26.059103,-31.889793,8.369803,2.073212
-25.612979,-31.521518,8.405399,1.999011
-25.126728,-31.133499,8.449260,1.923760
-24.605851,-30.730629,8.500793,1.848531
-24.055851,-30.317796,8.559407,1.774396
-23.482230,-29.899894,8.624508,1.702429
-22.890490,-29.481811,8.695505,1.633702
-22.286134,-29.068441,8.771805,1.569289
-21.674663,-28.664672,8.852816,1.510262
-21.061579,-28.275397,8.937945,1.457694
-20.452386,-27.905506,9.026601,1.412659
-19.852585,-27.559891,9.118190,1.376228
-19.267678,-27.243442,9.212121,1.349476
-18.703164,-26.961046,9.307801,1.333474
-18.162929,-26.716093,9.404373,1.328899
-17.646719,-26.508127,9.500300,1.335417
-17.153628,-26.336084,9.593939,1.352534
-16.682751,-26.198902,9.683649,1.379756
-16.233179,-26.095515,9.767786,1.416588
-15.804006,-26.024862,9.844707,1.462536
-15.394327,-25.985878,9.912770,1.517107
-15.003233,-25.977500,9.970331,1.579804
-14.629820,-25.998665,10.015748,1.650135
-14.273179,-26.048309,10.047378,1.727606
-13.932405,-26.125368,10.063577,1.811721
-13.606591,-26.228780,10.062704,1.901986
-13.294830,-26.357481,10.043115,1.997908
-12.996215,-26.510407,10.003168,2.098992
-12.709841,-26.686494,9.941219,2.204743
-12.434800,-26.884681,9.855625,2.314668
-12.170187,-27.103902,9.744745,2.428272
-11.915116,-27.343091,9.607001,2.545055
-11.669416,-27.601093,9.442852,2.664333
-11.433732,-27.876646,9.255107,2.785207
-11.208757,-28.168485,9.046705,2.906768
-10.995182,-28.475342,8.820586,3.028107
-10.793699,-28.795953,8.579691,-3.134871
-10.605001,-29.129049,8.326958,-3.016704
-10.429779,-29.473366,8.065328,-2.901488
-10.268727,-29.827636,7.797741,-2.790131
-10.122534,-30.190593,7.527135,-2.683544
-9.991895,-30.560972,7.256452,-2.582635
-9.877501,-30.937506,6.988631,-2.488315
-9.780043,-31.318928,6.726611,-2.401492
-9.700214,-31.703972,6.473333,-2.323076
-9.638706,-32.091372,6.231736,-2.253977
-9.596212,-32.479862,6.004761,-2.195103
-9.573422,-32.868175,5.795346,-2.147365
-9.571030,-33.255045,5.606432,-2.111671
-9.589696,-33.639173,5.440700,-2.088793
-9.629803,-34.018960,5.298491,-2.078248
-9.691585,-34.392648,5.178900,-2.078884
-9.775274,-34.758480,5.081009,-2.089545
-9.881102,-35.114695,5.003904,-2.109074
-10.009303,-35.459535,4.946668,-2.136315
-10.160108,-35.791240,4.908383,-2.170110
-10.333751,-36.108053,4.888135,-2.209304
-10.530464,-36.408213,4.885006,-2.252739
-10.750478,-36.689962,4.898080,-2.299258
-10.994028,-36.951541,4.926440,-2.347706
-11.261345,-37.191191,4.969171,-2.396924
-11.552662,-37.407152,5.025356,-2.445756
-11.868211,-37.597667,5.094079,-2.493047
-12.208225,-37.760975,5.174422,-2.537638
-12.572937,-37.895319,5.265471,-2.578373
-12.962578,-37.998938,5.366307,-2.614095
-13.377382,-38.070074,5.476016,-2.643648
-13.817143,-38.107691,5.593765,-2.666121
-14.280062,-38.113383,5.719033,-2.681505
-14.763977,-38.089342,5.851367,-2.689991
-15.266728,-38.037759,5.990315,-2.691774
-15.786154,-37.960826,6.135426,-2.687045
-16.320092,-37.860735,6.286247,-2.675998
-16.866382,-37.739677,6.442326,-2.658827
-17.422863,-37.599843,6.603211,-2.635724
-17.987374,-37.443426,6.768451,-2.606883
-18.557754,-37.272618,6.937593,-2.572495
-19.131840,-37.089609,7.110185,-2.532756
-19.707473,-36.896591,7.285775,-2.487857
-20.282490,-36.695757,7.463911,-2.437992
-20.854732,-36.489297,7.644142,-2.383354
-21.422036,-36.279404,7.826015,-2.324135
-21.982241,-36.068269,8.009078,-2.260530
-22.533187,-35.858083,8.192879,-2.192731
-23.072714,-35.651021,8.376965,-2.120931
-23.598781,-35.448110,8.560834,-2.045309
-24.109539,-35.248568,8.743903,-1.966027
-24.603151,-35.051450,8.925583,-1.883241
-25.077783,-34.855811,9.105285,-1.797110
-25.531601,-34.660707,9.282419,-1.707791
-25.962770,-34.465194,9.456397,-1.615442
-26.369455,-34.268327,9.626629,-1.520221
-26.749822,-34.069163,9.792525,-1.422286
-27.102036,-33.866756,9.953497,-1.321795
-27.424262,-33.660162,10.108956,-1.218906
-27.714666,-33.448438,10.258311,-1.113776
-27.971413,-33.230638,10.400975,-1.006564
-28.192669,-33.005819,10.536357,-0.897427
-28.376599,-32.773035,10.663869,-0.786524
-28.521367,-32.531343,10.782921,-0.674011
-28.625141,-32.279799,10.892924,-0.560047
-28.686084,-32.017457,10.993288,-0.444791
-28.702547,-31.743458,11.083471,-0.328399
-28.675444,-31.458106,11.163573,-0.211043
-28.607564,-31.162557,11.234165,-0.092901
-28.501743,-30.857988,11.295826,0.025850
-28.360812,-30.545575,11.349139,0.145031
-28.187607,-30.226494,11.394686,0.264464
-27.984960,-29.901923,11.433046,0.383971
-27.755705,-29.573036,11.464802,0.503374
-27.502676,-29.241012,11.490535,0.622494
-27.228706,-28.907025,11.510825,0.741153
-26.936628,-28.572253,11.526255,0.859174
-26.629278,-28.237872,11.537406,0.976376
-26.309487,-27.905058,11.544858,1.092584
-25.980090,-27.574987,11.549194,1.207618
-25.643920,-27.248837,11.550993,1.321300
-25.303811,-26.927782,11.550839,1.433452
-24.962596,-26.613000,11.549311,1.543896
-24.623109,-26.305667,11.546992,1.652453
-24.287853,-26.006788,11.544342,1.758952
-23.957607,-25.716471,11.541204,1.863257
-23.632594,-25.434536,11.537216,1.965241
-23.313033,-25.160801,11.532019,2.064778
-22.999147,-24.895086,11.525252,2.161744
-22.691157,-24.637209,11.516555,2.256013
-22.389283,-24.386990,11.505566,2.347458
-22.093747,-24.144247,11.491927,2.435955
-21.804770,-23.908798,11.475276,2.521377
-21.522574,-23.680464,11.455252,2.603599
-21.247379,-23.459062,11.431496,2.682495
-20.979406,-23.244413,11.403648,2.757941
-20.718877,-23.036334,11.371346,2.829809
-20.466014,-22.834644,11.334230,2.897974
-20.221036,-22.639163,11.291940,2.962312
-19.984166,-22.449709,11.244116,3.022695
-19.755624,-22.266102,11.190397,3.078999
-19.535631,-22.088161,11.130424,3.131098
-19.324298,-21.915970,11.064157,-3.104278
-19.121492,-21.750190,10.992256,-3.060749
-18.927051,-21.591559,10.915471,-3.021481
-18.740811,-21.440814,10.834554,-2.986456
-18.562607,-21.298692,10.750257,-2.955653
-18.392278,-21.165931,10.663331,-2.929053
-18.229658,-21.043269,10.574528,-2.906635
-18.074584,-20.931443,10.484598,-2.888381
-17.926893,-20.831191,10.394294,-2.874270
-17.786422,-20.743249,10.304368,-2.864284
-17.653006,-20.668356,10.215569,-2.858402
-17.526482,-20.607249,10.128651,-2.856605
-17.406686,-20.560666,10.044364,-2.858873
-17.293455,-20.529343,9.963460,-2.865186
-17.186626,-20.514019,9.886691,-2.875525
-17.086034,-20.515431,9.814807,-2.889871
-16.991516,-20.534317,9.748561,-2.908203
-16.902905,-20.571368,9.688680,-2.930488
-16.819944,-20.626250,9.635349,-2.956369
-16.742290,-20.697594,9.588210,-2.985167
-16.669594,-20.783990,9.546880,-3.016190
-16.601507,-20.884028,9.510978,-3.048742
-16.537682,-20.996295,9.480121,-3.082132
-16.477771,-21.119381,9.453928,-3.115666
-16.421424,-21.251875,9.432016,3.134535
-16.368295,-21.392366,9.414003,3.102793
-16.318033,-21.539443,9.399507,3.072988
-16.270293,-21.691695,9.388147,3.045812
-16.224724,-21.847710,9.379540,3.021958
-16.180979,-22.006077,9.373304,3.002120
-16.138709,-22.165387,9.369057,2.986992
-16.097567,-22.324227,9.366417,2.977266
-16.057204,-22.481186,9.365002,2.973636
-16.017271,-22.634854,9.364430,2.976795
-15.977421,-22.783819,9.364318,2.987437
-15.937342,-22.926914,9.364291,3.006104
-15.896991,-23.064801,9.364003,3.032195
-15.856454,-23.198981,9.363130,3.064591
-15.815813,-23.330957,9.361342,3.102169
-15.775153,-23.462234,9.358315,-3.139379
-15.734556,-23.594315,9.353719,-3.094805
-15.694108,-23.728703,9.347230,-3.048418
-15.653891,-23.866904,9.338518,-3.001340
-15.613990,-24.010420,9.327259,-2.954695
-15.574488,-24.160757,9.313123,-2.909605
-15.535469,-24.319416,9.295786,-2.867192
-15.497018,-24.487903,9.274918,-2.828581
-15.459217,-24.667721,9.250195,-2.794893
-15.422150,-24.860374,9.221288,-2.767252
-15.385902,-25.067367,9.187870,-2.746780
-15.350556,-25.290202,9.149615,-2.734600
-15.316197,-25.530383,9.106196,-2.731836
-15.282907,-25.789415,9.057285,-2.739609
-15.250942,-26.068203,9.002693,-2.758655
-15.221088,-26.365811,8.942656,-2.788510
-15.194232,-26.680946,8.877488,-2.828484
-15.171261,-27.012319,8.807507,-2.877883
-15.153061,-27.358637,8.733029,-2.936015
-15.140520,-27.718611,8.654370,-3.002188
-15.134525,-28.090948,8.571846,-3.075710
-15.135963,-28.474358,8.485773,3.127297
-15.145720,-28.867549,8.396469,3.041155
-15.164684,-29.269231,8.304248,2.949740
-15.193742,-29.678112,8.209428,2.853746
-15.233781,-30.092901,8.112324,2.753865
-15.285688,-30.512307,8.013253,2.650789
-15.350350,-30.935039,7.912531,2.545209
-15.428653,-31.359806,7.810474,2.437820
-15.521485,-31.785317,7.707399,2.329312
-15.629733,-32.210280,7.603622,2.220378
-15.754268,-32.633401,7.499460,2.111704
-15.895268,-33.053193,7.395289,2.003678
-16.051962,-33.467914,7.291566,1.896282
-16.223512,-33.875800,7.188751,1.789471
-16.409079,-34.275090,7.087306,1.683197
-16.607826,-34.664019,6.987692,1.577414
-16.818914,-35.040827,6.890371,1.472077
-17.041505,-35.403750,6.795804,1.367137
-17.274761,-35.751025,6.704453,1.262550
-17.517843,-36.080891,6.616779,1.158267
-17.769913,-36.391584,6.533243,1.054244
-18.030132,-36.681341,6.454307,0.950433
-18.297663,-36.948401,6.380433,0.846787
-18.571667,-37.191001,6.312081,0.743261
-18.851306,-37.407378,6.249714,0.639808
-19.135741,-37.595769,6.193792,0.536381
-19.424134,-37.754412,6.144777,0.432935
-19.715648,-37.881544,6.103130,0.329421
-20.009429,-37.975524,6.069284,0.225834
-20.304482,-38.036073,6.043332,0.122602
-20.599714,-38.063774,6.025157,0.020435
-20.894034,-38.059224,6.014637,-0.079958
-21.186349,-38.023020,6.011650,-0.177864
-21.475568,-37.955758,6.016076,-0.272571
-21.760597,-37.858034,6.027792,-0.363367
-22.040346,-37.730446,6.046678,-0.449542
-22.313721,-37.573590,6.072611,-0.530384
-22.579630,-37.388062,6.105471,-0.605180
-22.836982,-37.174460,6.145135,-0.673219
-23.084684,-36.933379,6.191482,-0.733789
-23.321644,-36.665417,6.244391,-0.786180
-23.546769,-36.371170,6.303741,-0.829678
-23.758968,-36.051235,6.369409,-0.863573
-23.957149,-35.706208,6.441275,-0.887153
-24.140218,-35.336685,6.519216,-0.899706
-24.307084,-34.943265,6.603112,-0.900520
-24.456605,-34.526893,6.692806,-0.889185
-24.587420,-34.090057,6.787992,-0.866616
-24.698108,-33.635668,6.888322,-0.834089
-24.787246,-33.166639,6.993446,-0.792884
-24.853414,-32.685881,7.103017,-0.744278
-24.895190,-32.196304,7.216686,-0.689551
-24.911153,-31.700822,7.334105,-0.629981
-24.899881,-31.202345,7.454925,-0.566845
-24.859954,-30.703784,7.578798,-0.501422
-24.789949,-30.208052,7.705376,-0.434991
-24.688445,-29.718060,7.834310,-0.368829
-24.554021,-29.236718,7.965253,-0.304216
-24.385256,-28.766940,8.097855,-0.242428
-24.180728,-28.311636,8.231768,-0.184746
-23.939015,-27.873717,8.366643,-0.132446
-23.658697,-27.456096,8.502134,-0.086808
-23.338351,-27.061684,8.637890,-0.049109
-22.976571,-26.693385,8.773561,-0.020622
-22.573445,-26.353279,8.908517,-0.001946
-22.131872,-26.041905,9.041600,0.007585
-21.655063,-25.759625,9.171597,0.008775
-21.146228,-25.506807,9.297292,0.002429
-20.608577,-25.283815,9.417471,-0.010648
-20.045321,-25.091014,9.530919,-0.029650
-19.459671,-24.928771,9.636422,-0.053774
-18.854836,-24.797449,9.732765,-0.082214
-18.234027,-24.697415,9.818732,-0.114164
-17.600453,-24.629034,9.893111,-0.148821
-16.957327,-24.592671,9.954685,-0.185379
-16.307857,-24.588692,10.002241,-0.223034
-15.655254,-24.617461,10.034564,-0.260979
-15.002729,-24.679345,10.050438,-0.298411
-14.353491,-24.774708,10.048650,-0.334525
-13.710751,-24.903915,10.027985,-0.368515
-13.077720,-25.067333,9.987227,-0.399576
-12.457559,-25.265242,9.925258,-0.426926
-11.852561,-25.496404,9.842649,-0.450164
-11.264265,-25.758271,9.741440,-0.469221
-10.694187,-26.048249,9.623716,-0.484040
-10.143842,-26.363746,9.491563,-0.494563
-9.614746,-26.702168,9.347069,-0.500734
-9.108413,-27.060922,9.192320,-0.502495
-8.626358,-27.437416,9.029401,-0.499788
-8.170098,-27.829057,8.860399,-0.492556
-7.741147,-28.233251,8.687401,-0.480741
-7.341021,-28.647406,8.512493,-0.464286
-6.971234,-29.068929,8.337761,-0.443134
-6.633302,-29.495226,8.165292,-0.417226
-6.328740,-29.923705,7.997172,-0.386507
-6.059064,-30.351773,7.835487,-0.350917
-5.825789,-30.776836,7.682324,-0.310400
-5.630429,-31.196303,7.539769,-0.264898
-5.474501,-31.607580,7.409909,-0.214355
-5.359226,-32.008209,7.294606,-0.158830
-5.283971,-32.396590,7.194317,-0.099135
-5.247382,-32.771459,7.108946,-0.036374
-5.248100,-33.131548,7.038399,0.028349
-5.284769,-33.475594,6.982579,0.093930
-5.356032,-33.802331,6.941391,0.159264
-5.460531,-34.110495,6.914740,0.223247
-5.596908,-34.398819,6.902529,0.284776
-5.763808,-34.666039,6.904665,0.342745
-5.959872,-34.910890,6.921050,0.396050
-6.183743,-35.132107,6.951589,0.443588
-6.434064,-35.328424,6.996187,0.484253
-6.709478,-35.498577,7.054748,0.516942
-7.008628,-35.641300,7.127177,0.540551
-7.330156,-35.755328,7.213379,0.553974
-7.672705,-35.839396,7.313256,0.556109
-8.034918,-35.892240,7.426715,0.545849
-8.415437,-35.912594,7.553659,0.522094
-8.812827,-35.899933,7.693649,0.484391
-9.225445,-35.855660,7.845349,0.434004
-9.651615,-35.781495,8.007278,0.372471
-10.089661,-35.679154,8.177953,0.301333
-10.537907,-35.550356,8.355893,0.222127
-10.994678,-35.396818,8.539617,0.136395
-11.458296,-35.220260,8.727641,0.045674
-11.927087,-35.022398,8.918486,-0.048494
-12.399374,-34.804950,9.110668,-0.144572
-12.873481,-34.569635,9.302707,-0.241018
-13.347733,-34.318171,9.493119,-0.336295
-13.820453,-34.052274,9.680425,-0.428863
-14.289966,-33.773665,9.863141,-0.517181
-14.754595,-33.484059,10.039787,-0.599712
-15.212665,-33.185176,10.208879,-0.674914
-15.662499,-32.878733,10.368938,-0.741249
-16.102422,-32.566449,10.518480,-0.797178
-16.530784,-32.250043,10.656039,-0.841203
-16.946771,-31.931329,10.780608,-0.873138
-17.350550,-31.612225,10.891723,-0.894351
-17.742351,-31.294658,10.988953,-0.906297
-18.122397,-30.980555,11.071866,-0.910432
-18.490917,-30.671840,11.140029,-0.908212
-18.848137,-30.370440,11.193011,-0.901091
-19.194282,-30.078280,11.230379,-0.890526
-19.529581,-29.797288,11.251701,-0.877972
-19.854258,-29.529388,11.256547,-0.864885
-20.168541,-29.276507,11.244482,-0.852720
-20.472656,-29.040571,11.215076,-0.842933
-20.766829,-28.823506,11.167897,-0.836980
-21.051288,-28.627237,11.102512,-0.836316
-21.326258,-28.453692,11.018489,-0.842398
-21.591966,-28.304794,10.915397,-0.856679
-21.848639,-28.182472,10.792803,-0.880617
-22.096502,-28.088650,10.650276,-0.915666
-22.335804,-28.025044,10.487545,-0.963122
-22.566984,-27.991398,10.305848,-1.022783
-22.790587,-27.986390,10.107242,-1.093632
-23.007158,-28.008685,9.893792,-1.174646
-23.217243,-28.056947,9.667564,-1.264801
-23.421389,-28.129843,9.430623,-1.363073
-23.620140,-28.226037,9.185034,-1.468439
-23.814043,-28.344195,8.932863,-1.579875
-24.003644,-28.482983,8.676174,-1.696356
-24.189487,-28.641065,8.417033,-1.816860
-24.372120,-28.817108,8.157506,-1.940361
-24.552087,-29.009776,7.899657,-2.065838
-24.729934,-29.217734,7.645552,-2.192264
-24.906208,-29.439649,7.397257,-2.318618
-25.081453,-29.674185,7.156835,-2.443874
-25.256216,-29.920008,6.926354,-2.567009
-25.431042,-30.175784,6.707877,-2.687000
-25.606478,-30.440176,6.503470,-2.802823
-25.782368,-30.711941,6.314925,-2.913709
-25.955951,-30.990163,6.143009,-3.019850
-26.123858,-31.274006,5.988251,-3.121656
-26.282719,-31.562631,5.851183,3.063646
-26.429166,-31.855202,5.732335,2.969274
-26.559830,-32.150882,5.632235,2.878000
-26.671341,-32.448833,5.551415,2.789414
-26.760331,-32.748218,5.490405,2.703104
-26.823430,-33.048199,5.449734,2.618657
-26.857270,-33.347941,5.429933,2.535661
-26.858482,-33.646604,5.431532,2.453706
-26.823696,-33.943353,5.455060,2.372379
-26.749544,-34.237349,5.501049,2.291268
-26.632656,-34.527756,5.570027,2.209962
-26.469664,-34.813736,5.662526,2.128049
-26.257198,-35.094453,5.779075,2.045116
-25.991890,-35.369068,5.920204,1.960752
-25.670412,-35.636743,6.086425,1.874553
-25.292257,-35.896542,6.277071,1.786588
-24.861478,-36.147367,6.489557,1.697696
-24.382543,-36.388110,6.721131,1.608785
-23.859921,-36.617659,6.969035,1.520762
-23.298079,-36.834905,7.230514,1.434536
-22.701487,-37.038736,7.502813,1.351016
-22.074612,-37.228043,7.783177,1.271108
-21.421923,-37.401716,8.068849,1.195722
-20.747888,-37.558643,8.357075,1.125765
-20.056976,-37.697714,8.645098,1.062146
-19.353654,-37.817820,8.930164,1.005773
-18.642391,-37.917850,9.209516,0.957553
-17.927656,-37.996693,9.480400,0.918395
-17.213917,-38.053239,9.740060,0.889207
-16.505642,-38.086379,9.985740,0.870897
-15.807299,-38.095000,10.214684,0.864373
-15.123357,-38.077994,10.424138,0.870544
-14.458138,-38.034379,10.611454,0.890226
-13.813879,-37.965021,10.775534,0.922921
-13.191257,-37.872171,10.916440,0.967151
-12.590909,-37.758109,11.034261,1.021414
-12.013476,-37.625120,11.129085,1.084206
-11.459595,-37.475484,11.201002,1.154026
-10.929907,-37.311484,11.250101,1.229371
-10.425050,-37.135403,11.276471,1.308739
-9.945662,-36.949523,11.280200,1.390626
-9.492384,-36.756125,11.261379,1.473531
-9.065854,-36.557493,11.220095,1.555951
-8.666710,-36.355908,11.156439,1.636384
-8.295592,-36.153653,11.070499,1.713326
-7.953139,-35.953011,10.962364,1.785276
-7.639990,-35.756262,10.832123,1.850731
-7.356783,-35.565691,10.679865,1.908189
-7.104158,-35.383578,10.505679,1.956147
-6.882754,-35.212207,10.309655,1.993102
-6.693131,-35.053319,10.092177,2.017839
-6.535434,-34.905777,9.855207,2.030671
-6.409671,-34.767485,9.601231,2.032419
-6.315846,-34.636351,9.332735,2.023902
-6.253968,-34.510278,9.052203,2.005943
-6.224042,-34.387174,8.762124,1.979361
-6.226075,-34.264942,8.464981,1.944977
-6.260073,-34.141490,8.163261,1.903612
-6.326043,-34.014721,7.859450,1.856087
-6.423992,-33.882542,7.556033,1.803222
-6.553925,-33.742858,7.255497,1.745839
-6.715850,-33.593574,6.960326,1.684758
-6.909773,-33.432596,6.673008,1.620800
-7.135701,-33.257830,6.396028,1.554785
-7.393640,-33.067181,6.131871,1.487535
-7.683596,-32.858554,5.883024,1.419869
-8.005576,-32.629854,5.651972,1.352609
-8.359583,-32.378996,5.441198,1.286575
-8.744600,-32.105623,5.252448,1.222411
-9.157334,-31.813255,5.085816,1.160367
-9.594181,-31.505942,4.941174,1.100639
-10.051538,-31.187731,4.818393,1.043425
-10.525802,-30.862671,4.717343,0.988920
-11.013367,-30.534810,4.637894,0.937322
-11.510631,-30.208197,4.579919,0.888827
-12.013989,-29.886880,4.543286,0.843631
-12.519839,-29.574906,4.527869,0.801932
-13.024576,-29.276325,4.533536,0.763925
-13.524597,-28.995185,4.560159,0.729808
-14.016298,-28.735534,4.607608,0.699777
-14.496075,-28.501421,4.675755,0.674028
-14.960324,-28.296893,4.764470,0.652758
-15.405443,-28.125999,4.873624,0.636165
-15.827826,-27.992788,5.003088,0.624443
-16.223871,-27.901308,5.152732,0.617791
-16.590088,-27.855462,5.322389,0.616400
-16.925727,-27.855711,5.510994,0.620365
-17.232833,-27.898996,5.716562,0.629683
-17.513576,-27.982101,5.937068,0.644344
-17.770129,-28.101810,6.170485,0.664340
-18.004662,-28.254906,6.414789,0.689662
-18.219347,-28.438174,6.667954,0.720301
-18.416354,-28.648397,6.927953,0.756248
-18.597856,-28.882358,7.192762,0.797495
-18.766022,-29.136842,7.460355,0.844032
-18.923025,-29.408632,7.728706,0.895851
-19.071036,-29.694511,7.995790,0.952943
-19.212225,-29.991264,8.259581,1.015300
-19.348763,-30.295674,8.518053,1.082911
-19.482823,-30.604525,8.769180,1.155770
-19.616576,-30.914600,9.010938,1.233866
-19.752192,-31.222684,9.241300,1.317191
-19.891842,-31.525559,9.458241,1.405736
-20.037307,-31.820343,9.659915,1.499425
-20.187337,-32.106731,9.845861,1.597652
-20.339270,-32.385622,10.016266,1.699568
-20.490437,-32.657919,10.171322,1.804321
-20.638167,-32.924529,10.311218,1.911058
-20.779791,-33.186355,10.436146,2.018928
-20.912637,-33.444303,10.546297,2.127079
-21.034037,-33.699278,10.641859,2.234659
-21.141320,-33.952184,10.723026,2.340817
-21.231817,-34.203926,10.789986,2.444701
-21.302857,-34.455410,10.842931,2.545458
-21.351770,-34.707539,10.882051,2.642237
-21.375887,-34.961219,10.907537,2.734187
-21.372537,-35.217355,10.919579,2.820455
-21.339051,-35.476852,10.918369,2.900189
-21.272758,-35.740614,10.904097,2.972538
-21.170988,-36.009546,10.876953,3.036649
-21.031072,-36.284554,10.837128,3.091672
-20.851393,-36.565794,10.784865,3.137025
-20.633654,-36.851068,10.720570,-3.110204
-20.380213,-37.137712,10.644682,-3.083204
-20.093429,-37.423065,10.557641,-3.064718
-19.775660,-37.704461,10.459885,-3.054305
-19.429263,-37.979239,10.351854,-3.051524
-19.056596,-38.244735,10.233985,-3.055933
-18.660018,-38.498286,10.106719,-3.067092
-18.241887,-38.737229,9.970494,-3.084558
-17.804560,-38.958901,9.825750,-3.107892
-17.350395,-39.160639,9.672924,-3.136650
-16.881752,-39.339779,9.512456,3.112793
-16.400986,-39.493659,9.344786,3.074507
-15.910458,-39.619615,9.170352,3.032120
-15.412523,-39.714985,8.989592,2.986073
-14.909542,-39.777104,8.802947,2.936807
-14.403871,-39.803311,8.610854,2.884763
-13.897871,-39.790979,8.413764,2.830380
-13.394017,-39.739182,8.212629,2.773982
-12.894943,-39.649366,8.009098,2.715732
-12.403296,-39.523154,7.804875,2.655779
-11.921722,-39.362167,7.601662,2.594276
-11.452868,-39.168029,7.401162,2.531373
-10.999378,-38.942361,7.205078,2.467220
-10.563901,-38.686785,7.015112,2.401970
-10.149081,-38.402923,6.832966,2.335772
-9.757566,-38.092398,6.660344,2.268777
-9.392001,-37.756832,6.498948,2.201137
-9.055033,-37.397846,6.350481,2.133002
-8.749308,-37.017064,6.216646,2.064523
-8.477472,-36.616107,6.099144,1.995851
-8.242173,-36.196597,5.999679,1.927136
-8.046055,-35.760157,5.919954,1.858531
-7.891765,-35.308408,5.861671,1.790184
-7.781949,-34.842974,5.826532,1.722249
-7.719020,-34.365484,5.816084,1.654852
-7.702668,-33.877672,5.830055,1.587865
-7.730827,-33.381338,5.867000,1.520994
-7.801401,-32.878282,5.925453,1.453939
-7.912296,-32.370303,6.003951,1.386404
-8.061416,-31.859204,6.101027,1.318090
-8.246666,-31.346783,6.215217,1.248699
-8.465951,-30.834842,6.345057,1.177934
-8.717175,-30.325181,6.489082,1.105497
-8.998244,-29.819600,6.645826,1.031089
-9.307062,-29.319899,6.813825,0.954413
-9.641534,-28.827880,6.991614,0.875171
-9.999565,-28.345341,7.177729,0.793065
-10.379059,-27.874085,7.370704,0.707797
-10.777922,-27.415911,7.569074,0.619069
-11.194059,-26.972619,7.771376,0.526583
-11.625373,-26.546010,7.976143,0.430042
-12.069770,-26.137885,8.181912,0.329148
-12.525333,-25.749975,8.387256,0.223689
-12.990950,-25.383705,8.590932,0.113849
-13.465736,-25.040411,8.791745,-0.000079
-13.948803,-24.721431,8.988500,-0.117800
-14.439266,-24.428102,9.180002,-0.239022
-14.936241,-24.161762,9.365058,-0.363451
-15.438840,-23.923748,9.542473,-0.490792
-15.946178,-23.715397,9.711053,-0.620753
-16.457368,-23.538046,9.869603,-0.753040
-16.971527,-23.393032,10.016928,-0.887359
-17.487766,-23.281694,10.151834,-1.023416
-18.005201,-23.205367,10.273127,-1.160918
-18.522946,-23.165391,10.379613,-1.299571
-19.040115,-23.163100,10.470096,-1.439082
-19.555822,-23.199834,10.543383,-1.579157
-20.069182,-23.276929,10.598279,-1.719502
-20.579308,-23.395723,10.633589,-1.859823
-21.085310,-23.557539,10.648126,-1.999828
-21.585808,-23.762247,10.641468,-2.139208
-22.078478,-24.006916,10.614662,-2.277632
-22.560889,-24.288297,10.568923,-2.414766
-23.030611,-24.603141,10.505467,-2.550274
-23.485214,-24.948202,10.425508,-2.683821
-23.922267,-25.320231,10.330262,-2.815073
-24.339338,-25.715979,10.220944,-2.943695
-24.733999,-26.132199,10.098767,-3.069353
-25.103818,-26.565643,9.964949,3.091475
-25.446364,-27.013062,9.820702,2.972752
-25.759208,-27.471208,9.667243,2.857999
-26.039918,-27.936833,9.505786,2.747550
-26.286064,-28.406689,9.337546,2.641739
-26.495216,-28.877529,9.163739,2.540903
-26.664943,-29.346102,8.985579,2.445375
-26.792814,-29.809163,8.804281,2.355491
-26.876399,-30.263462,8.621060,2.271585
-26.913377,-30.705806,8.437111,2.193972
-26.903468,-31.134037,8.253247,2.122596
-26.848192,-31.546907,8.069948,2.057069
-26.749131,-31.943199,7.887679,1.996995
-26.607868,-32.321698,7.706908,1.941977
-26.425987,-32.681186,7.528101,1.891618
-26.205068,-33.020449,7.351725,1.845521
-25.946696,-33.338269,7.178246,1.803288
-25.652452,-33.633430,7.008132,1.764523
-25.323919,-33.904716,6.841849,1.728829
-24.962680,-34.150912,6.679863,1.695807
-24.570317,-34.370800,6.522641,1.665062
-24.148413,-34.563165,6.370651,1.636197
-23.698550,-34.726789,6.224358,1.608813
-23.222311,-34.860458,6.084229,1.582515
-22.721278,-34.962955,5.950732,1.556904
-22.197035,-35.033064,5.824333,1.531584
-21.651163,-35.069567,5.705498,1.506158
-21.085322,-35.071632,5.594690,1.480306
-20.501672,-35.040894,5.492347,1.454206
-19.902570,-34.979977,5.398895,1.428234
-19.290376,-34.891508,5.314762,1.402770
-18.667449,-34.778112,5.240376,1.378190
-18.036147,-34.642415,5.176162,1.354873
-17.398828,-34.487043,5.122547,1.333195
-16.757853,-34.314623,5.079961,1.313536
-16.115579,-34.127779,5.048828,1.296272
-15.474367,-33.929139,5.029576,1.281781
-14.836573,-33.721328,5.022633,1.270441
-14.204558,-33.506972,5.028425,1.262630
-13.580680,-33.288697,5.047380,1.258726
-12.967298,-33.069129,5.079924,1.259105
-12.366771,-32.850895,5.126485,1.264147
-11.781458,-32.636619,5.187490,1.274228
-11.213718,-32.428928,5.263366,1.289726
-10.665908,-32.230448,5.354539,1.311019
-10.140077,-32.043439,5.461054,1.338129
-9.637440,-31.869186,5.581934,1.370123
-9.159072,-31.708810,5.716030,1.405913
-8.706051,-31.563433,5.862194,1.444408
-8.279452,-31.434177,6.019279,1.484518
-7.880352,-31.322164,6.186135,1.525154
-7.509827,-31.228514,6.361615,1.565226
-7.168953,-31.154351,6.544571,1.603645
-6.858807,-31.100794,6.733855,1.639319
-6.580464,-31.068967,6.928318,1.671161
-6.335002,-31.059991,7.126812,1.698079
-6.123496,-31.074987,7.328190,1.718983
-5.947024,-31.115077,7.531304,1.732785
-5.806660,-31.181383,7.735004,1.738394
-5.703481,-31.275027,7.938143,1.734721
-5.638565,-31.397129,8.139574,1.720675
-5.612986,-31.548813,8.338147,1.695167
-5.627786,-31.731145,8.532722,1.657139
-5.682831,-31.943396,8.722416,1.606564
-5.776572,-32.182675,8.906650,1.544662
-5.907374,-32.445960,9.084867,1.472727
-6.073606,-32.730231,9.256508,1.392051
-6.273633,-33.032464,9.421015,1.303929
-6.505821,-33.349641,9.577829,1.209653
-6.768538,-33.678739,9.726393,1.110517
-7.060149,-34.016736,9.866147,1.007814
-7.379021,-34.360613,9.996534,0.902838
-7.723521,-34.707347,10.116995,0.796882
-8.092015,-35.053917,10.226971,0.691240
-8.482870,-35.397302,10.325904,0.587204
-8.894452,-35.734481,10.413237,0.486069
-9.325127,-36.062433,10.488410,0.389128
-9.773263,-36.378136,10.550864,0.297673
-10.237225,-36.678569,10.600043,0.212999
-10.715380,-36.960711,10.635387,0.136399
-11.206013,-37.221726,10.656404,0.069015
-11.706637,-37.460546,10.663236,0.010546
-12.214332,-37.677088,10.656376,-0.040111
-12.726176,-37.871276,10.636322,-0.084066
-13.239244,-38.043038,10.603570,-0.122433
-13.750615,-38.192299,10.558618,-0.156322
-14.257364,-38.318985,10.501963,-0.186844
-14.756569,-38.423022,10.434102,-0.215112
-15.245306,-38.504337,10.355532,-0.242236
-15.720652,-38.562855,10.266751,-0.269328
-16.179685,-38.598502,10.168256,-0.297500
-16.619481,-38.611206,10.060545,-0.327863
-17.037116,-38.600890,9.944113,-0.361529
-17.429668,-38.567483,9.819459,-0.399609
-17.794213,-38.510909,9.687079,-0.443215
-18.127829,-38.431094,9.547472,-0.493458
-18.427592,-38.327966,9.401133,-0.551449
-18.690578,-38.201449,9.248561,-0.618300
-18.914800,-38.051652,9.090322,-0.694765
-19.101831,-37.879374,8.927247,-0.780230
-19.254095,-37.685580,8.760233,-0.873758
-19.374016,-37.471235,8.590173,-0.974409
-19.464018,-37.237305,8.417964,-1.081245
-19.526523,-36.984753,8.244499,-1.193328
-19.563957,-36.714545,8.070674,-1.309719
-19.578742,-36.427646,7.897384,-1.429481
-19.573302,-36.125021,7.725524,-1.551673
-19.550061,-35.807634,7.555988,-1.675359
-19.511443,-35.476450,7.389673,-1.799599
-19.459872,-35.132435,7.227473,-1.923455
-19.397770,-34.776553,7.070283,-2.045989
-19.327562,-34.409770,6.918997,-2.166262
-19.251672,-34.033049,6.774512,-2.283335
-19.172523,-33.647357,6.637721,-2.396271
-19.092539,-33.253657,6.509521,-2.504131
-19.014124,-32.852916,6.390804,-2.605979
-18.938294,-32.446088,6.282305,-2.701128
-18.863767,-32.034117,6.184501,-2.789299
-18.789048,-31.617945,6.097843,-2.870250
-18.712643,-31.198512,6.022785,-2.943740
-18.633054,-30.776761,5.959778,-3.009529
-18.548788,-30.353632,5.909274,-3.067374
-18.458347,-29.930067,5.871725,-3.117035
-18.360238,-29.507007,5.847582,3.124915
-18.252964,-29.085394,5.837299,3.092347
-18.135030,-28.666169,5.841327,3.068686
-18.004940,-28.250273,5.860118,3.054174
-17.861200,-27.838649,5.894124,3.049052
-17.702312,-27.432237,5.943796,3.053561
-17.526783,-27.031979,6.009589,3.067944
-17.333116,-26.638815,6.091952,3.092439
-17.119816,-26.253689,6.191338,3.127290
-16.885388,-25.877540,6.308199,-3.110449
-16.628468,-25.511350,6.442907,-3.054206
-16.349647,-25.156665,6.594639,-2.987571
-16.051009,-24.815467,6.761664,-2.911408
-15.734675,-24.489748,6.942224,-2.826593
-15.402765,-24.181502,7.134566,-2.734005
-15.057401,-23.892720,7.336932,-2.634517
-14.700702,-23.625394,7.547569,-2.529009
-14.334791,-23.381518,7.764719,-2.418355
-13.961788,-23.163084,7.986628,-2.303432
-13.583814,-22.972083,8.211539,-2.185117
-13.202990,-22.810509,8.437698,-2.064286
-12.821436,-22.680354,8.663349,-1.941817
-12.441274,-22.583609,8.886735,-1.818584
-12.064624,-22.522269,9.106102,-1.695466
-11.693608,-22.498324,9.319694,-1.573337
-11.330346,-22.513768,9.525755,-1.453076
-10.976959,-22.570593,9.722529,-1.335558
-10.635568,-22.670791,9.908262,-1.221659
-10.308141,-22.815772,10.081313,-1.112206
-9.995819,-23.003772,10.240668,-1.007747
-9.699456,-23.231945,10.385528,-0.908735
-9.419910,-23.497444,10.515094,-0.815625
-9.158037,-23.797425,10.628567,-0.728870
-8.914694,-24.129040,10.725148,-0.648923
-8.690736,-24.489443,10.804037,-0.576240
-8.487021,-24.875790,10.864434,-0.511273
-8.304405,-25.285233,10.905542,-0.454476
-8.143744,-25.714927,10.926560,-0.406303
-8.005895,-26.162026,10.926689,-0.367209
-7.891714,-26.623684,10.905130,-0.337646
-7.802057,-27.097054,10.861084,-0.318068
-7.737781,-27.579291,10.793752,-0.308930
-7.699743,-28.067548,10.702333,-0.310685
-7.688799,-28.558980,10.586029,-0.323787
-7.705805,-29.050741,10.444041,-0.348689
-7.751616,-29.539986,10.275574,-0.385844
-7.826533,-30.024099,10.080854,-0.435140
-7.929591,-30.500997,9.862453,-0.495174
-8.059650,-30.968666,9.623266,-0.564366
-8.215568,-31.425095,9.366191,-0.641133
-8.396204,-31.868272,9.094125,-0.723894
-8.600417,-32.296185,8.809964,-0.811068
-8.827066,-32.706822,8.516604,-0.901071
-9.075010,-33.098171,8.216944,-0.992324
-9.343108,-33.468221,7.913880,-1.083244
-9.630218,-33.814959,7.610308,-1.172249
-9.935199,-34.136374,7.309126,-1.257758
-10.256910,-34.430453,7.013230,-1.338189
-10.594211,-34.695186,6.725518,-1.411961
-10.945959,-34.928559,6.448885,-1.477491
-11.311014,-35.128561,6.186229,-1.533198
-11.688235,-35.293180,5.940447,-1.577501
-12.076480,-35.420405,5.714435,-1.608817
-12.474626,-35.508323,5.511026,-1.625610
-12.881977,-35.557527,5.331448,-1.627456
-13.298285,-35.571212,5.175257,-1.615092
-13.723323,-35.552700,5.041933,-1.589309
-14.156862,-35.505310,4.930953,-1.550897
-14.598676,-35.432361,4.841796,-1.500648
-15.048536,-35.337174,4.773941,-1.439352
-15.506216,-35.223067,4.726865,-1.367800
-15.971487,-35.093361,4.700048,-1.286783
-16.444122,-34.951376,4.692967,-1.197093
-16.923893,-34.800431,4.705101,-1.099519
-17.410574,-34.643846,4.735929,-0.994852
-17.903936,-34.484941,4.784929,-0.883885
-18.403752,-34.327035,4.851580,-0.767406
-18.909794,-34.173448,4.935359,-0.646208
-19.421835,-34.027500,5.035745,-0.521082
-19.939647,-33.892511,5.152218,-0.392817
-20.463003,-33.771800,5.284254,-0.262205
-20.991439,-33.668179,5.431270,-0.130037
-21.522616,-33.580415,5.592177,0.002899
-22.053301,-33.505351,5.765647,0.135816
-22.580256,-33.439817,5.950351,0.267927
-23.100242,-33.380642,6.144960,0.398444
-23.610020,-33.324655,6.348144,0.526581
-24.106353,-33.268687,6.558574,0.651549
-24.586001,-33.209567,6.774920,0.772563
-25.045726,-33.144124,6.995854,0.888834
-25.482290,-33.069189,7.220044,0.999576
-25.892454,-32.981591,7.446164,1.104001
-26.272980,-32.878160,7.672882,1.201322
-26.620628,-32.755726,7.898869,1.290752
-26.932161,-32.611118,8.122797,1.371504
-27.204340,-32.441165,8.343335,1.442790
-27.433926,-32.242698,8.559154,1.503823
-27.617682,-32.012546,8.768926,1.553817
-27.752368,-31.747540,8.971320,1.591983
-27.835896,-31.446109,9.165203,1.617853
-27.869888,-31.111854,9.350069,1.631983
-27.856717,-30.749418,9.525544,1.635139
-27.798756,-30.363446,9.691249,1.628085
-27.698375,-29.958579,9.846808,1.611586
-27.557948,-29.539463,9.991844,1.586405
-27.379846,-29.110739,10.125981,1.553307
-27.166442,-28.677053,10.248840,1.513057
-26.920108,-28.243046,10.360047,1.466419
-26.643215,-27.813363,10.459224,1.414158
-26.338137,-27.392646,10.545993,1.357038
-26.007244,-26.985540,10.619979,1.295823
-25.652910,-26.596687,10.680804,1.231278
-25.277506,-26.230731,10.728091,1.164168
-24.883404,-25.892316,10.761465,1.095257
-24.472977,-25.586085,10.780547,1.025309
-24.048597,-25.316681,10.784961,0.955090
-23.612628,-25.088691,10.774339,0.885354
-23.167057,-24.903941,10.748709,0.816448
-22.713338,-24.760330,10.708666,0.748135
-22.252879,-24.655453,10.654846,0.680133
-21.787092,-24.586908,10.587887,0.612160
-21.317387,-24.552290,10.508427,0.543935
-20.845175,-24.549197,10.417103,0.475176
-20.371867,-24.575225,10.314552,0.405599
-19.898873,-24.627971,10.201413,0.334925
-19.427603,-24.705031,10.078322,0.262871
-18.959468,-24.804002,9.945917,0.189155
-18.495880,-24.922481,9.804835,0.113495
-18.038247,-25.058063,9.655714,0.035609
-17.587982,-25.208346,9.499192,-0.044784
-17.146494,-25.370927,9.335905,-0.127967
-16.715195,-25.543401,9.166492,-0.214221
-16.295494,-25.723365,8.991590,-0.303828
-15.888802,-25.908417,8.811835,-0.397070
-15.496400,-26.096258,8.627907,-0.494173
-15.118006,-26.285852,8.440956,-0.594708
-14.752311,-26.476993,8.252449,-0.697810
-14.397986,-26.669490,8.063856,-0.802607
-14.053703,-26.863154,7.876651,-0.908227
-13.718135,-27.057794,7.692302,-1.013798
-13.389953,-27.253220,7.512283,-1.118449
-13.067828,-27.449240,7.338064,-1.221308
-12.750434,-27.645664,7.171116,-1.321503
-12.436442,-27.842302,7.012911,-1.418162
-12.124524,-28.038964,6.864919,-1.510413
-11.813351,-28.235458,6.728614,-1.597384
-11.501597,-28.431594,6.605464,-1.678205
-11.187932,-28.627182,6.496943,-1.752002
-10.871028,-28.822031,6.404521,-1.817904
-10.549559,-29.015951,6.329669,-1.875040
-10.222194,-29.208750,6.273859,-1.922536
-9.887608,-29.400239,6.238562,-1.959523
-9.545329,-29.590304,6.224871,-1.985322
-9.198847,-29.779181,6.232128,-2.000158
-8.852797,-29.967210,6.259175,-2.004515
-8.511809,-30.154729,6.304850,-1.998875
-8.180517,-30.342077,6.367994,-1.983724
-7.863552,-30.529594,6.447445,-1.959544
-7.565548,-30.717618,6.542044,-1.926819
-7.291136,-30.906488,6.650630,-1.886033
-7.044949,-31.096543,6.772043,-1.837670
-6.831620,-31.288121,6.905122,-1.782212
-6.655781,-31.481563,7.048708,-1.720145
-6.522064,-31.677205,7.201639,-1.651951
-6.435103,-31.875389,7.362756,-1.578114
-6.399528,-32.076451,7.530898,-1.499118
-6.419973,-32.280732,7.704905,-1.415446
-6.501071,-32.488571,7.883616,-1.327582
-6.647453,-32.700305,8.065871,-1.236010
-6.863722,-32.916266,8.250509,-1.141213
-7.150714,-33.135894,8.436206,-1.043581
-7.501870,-33.356871,8.621324,-0.943323
-7.909767,-33.576676,8.804185,-0.840626
-8.366986,-33.792787,8.983115,-0.735678
-8.866104,-34.002684,9.156437,-0.628666
-9.399702,-34.203845,9.322475,-0.519778
-9.960359,-34.393750,9.479552,-0.409202
-10.540652,-34.569877,9.625993,-0.297125
-11.133162,-34.729706,9.760121,-0.183734
-11.730468,-34.870714,9.880261,-0.069218
-12.325147,-34.990381,9.984736,0.046237
-12.909781,-35.086186,10.071869,0.162442
-13.476947,-35.155608,10.139986,0.279211
-14.019224,-35.196125,10.187409,0.396355
-14.529192,-35.205216,10.212464,0.513687
-14.999430,-35.180360,10.213472,0.631021
-15.422517,-35.119037,10.188759,0.748167
-15.791323,-35.018861,10.136750,0.864937
-16.104333,-34.880053,10.057833,0.981131
-16.365088,-34.705187,9.954161,1.096534
-16.577314,-34.496922,9.827955,1.210931
-16.744734,-34.257914,9.681432,1.324108
-16.871072,-33.990822,9.516811,1.435850
-16.960054,-33.698302,9.336310,1.545943
-17.015403,-33.383012,9.142147,1.654172
-17.040843,-33.047611,8.936542,1.760323
-17.040100,-32.694755,8.721712,1.864181
-17.016896,-32.327103,8.499877,1.965532
-16.974956,-31.947311,8.273253,2.064162
-16.918005,-31.558038,8.044061,2.159855
-16.849767,-31.161941,7.814518,2.252397
-16.773966,-30.761678,7.586843,2.341574
-16.694326,-30.359906,7.363254,2.427171
-16.614572,-29.959283,7.145970,2.508973
-16.538427,-29.562467,6.937209,2.586767
-16.469095,-29.172071,6.738991,2.660374
-16.406312,-28.790417,6.552007,2.729855
-16.348400,-28.419709,6.376411,2.795369
-16.293676,-28.062148,6.212354,2.857076
-16.240460,-27.719939,6.059985,2.915136
-16.187068,-27.395283,5.919455,2.969708
-16.131819,-27.090384,5.790915,3.020952
-16.073031,-26.807443,5.674516,3.069028
-16.009021,-26.548664,5.570409,3.114094
-15.938108,-26.316249,5.478743,-3.126874
-15.858609,-26.112401,5.399669,-3.087347
-15.768843,-25.939323,5.333339,-3.050350
-15.667127,-25.799217,5.279902,-3.015724
-15.551779,-25.694287,5.239510,-2.983309
-15.421117,-25.626734,5.212313,-2.952945
-15.273459,-25.598762,5.198461,-2.924474
-15.107124,-25.612573,5.198106,-2.897734
-14.920429,-25.670369,5.211397,-2.872568
-14.712398,-25.773086,5.238330,-2.848791
-14.483986,-25.918192,5.278474,-2.826157
-14.236476,-26.102565,5.331327,-2.804410
-13.971154,-26.323082,5.396385,-2.783291
-13.689303,-26.576619,5.473146,-2.762543
-13.392207,-26.860054,5.561106,-2.741909
-13.081151,-27.170264,5.659762,-2.721131
-12.757418,-27.504126,5.768612,-2.699952
-12.422294,-27.858517,5.887152,-2.678115
-12.077061,-28.230314,6.014879,-2.655361
-11.723005,-28.616394,6.151290,-2.631435
-11.361409,-29.013635,6.295883,-2.606077
-10.993557,-29.418912,6.448154,-2.579032
-10.620735,-29.829104,6.607600,-2.550041
-10.244225,-30.241088,6.773718,-2.518847
-9.865312,-30.651740,6.946005,-2.485193
-9.485281,-31.057938,7.123958,-2.448822
-9.105430,-31.456591,7.307070,-2.409489
-8.727615,-31.845705,7.494656,-2.367438
-8.354370,-32.224639,7.685817,-2.323508
-7.988271,-32.592837,7.879641,-2.278578
-7.631894,-32.949738,8.075216,-2.233524
-7.287817,-33.294786,8.271628,-2.189224
-6.958616,-33.627422,8.467966,-2.146554
-6.646867,-33.947088,8.663317,-2.106392
-6.355147,-34.253225,8.856768,-2.069615
-6.086033,-34.545277,9.047407,-2.037100
-5.842101,-34.822684,9.234321,-2.009725
-5.625927,-35.084889,9.416598,-1.988366
-5.440089,-35.331333,9.593326,-1.973901
-5.287162,-35.561459,9.763592,-1.967207
-5.169723,-35.774708,9.926483,-1.969161
-5.090350,-35.970522,10.081087,-1.980640
-5.051617,-36.148343,10.226491,-2.002522
-5.056102,-36.307613,10.361784,-2.035683
-5.106153,-36.447847,10.486141,-2.080859
-5.201864,-36.569279,10.599619,-2.137377
-5.342051,-36.672552,10.702774,-2.203769
-5.525517,-36.758312,10.796167,-2.278558
-5.751064,-36.827207,10.880358,-2.360267
-6.017494,-36.879884,10.955908,-2.447417
-6.323608,-36.916989,11.023378,-2.538530
-6.668209,-36.939170,11.083330,-2.632131
-7.050099,-36.947073,11.136324,-2.726740
-7.468079,-36.941346,11.182921,-2.820879
-7.920952,-36.922636,11.223683,-2.913073
-8.407519,-36.891590,11.259170,-3.001842
-8.926583,-36.848855,11.289943,-3.085710
-9.476945,-36.795077,11.316563,3.119987
-10.057407,-36.730904,11.339591,3.050356
-10.666772,-36.656983,11.359589,2.990060
-11.303842,-36.573961,11.377116,2.940575
-11.967417,-36.482485,11.392735,2.903381
-12.655716,-36.382987,11.406696,2.879545
-13.364665,-36.275055,11.418041,2.868542
-14.089635,-36.158074,11.425517,2.869456
-14.825996,-36.031427,11.427868,2.881371
-15.569118,-35.894500,11.423843,2.903371
-16.314370,-35.746675,11.412187,2.934540
-17.057124,-35.587336,11.391647,2.973963
-17.792747,-35.415869,11.360969,3.020723
-18.516612,-35.231655,11.318899,3.073905
-19.224086,-35.034080,11.264183,3.132593
-19.910542,-34.822527,11.195568,-3.087314
-20.571347,-34.596381,11.111800,-3.020361
-21.201873,-34.355025,11.011626,-2.950650
-21.797488,-34.097843,10.893792,-2.879097
-22.353564,-33.824219,10.757044,-2.806617
-22.865470,-33.533537,10.600128,-2.734125
-23.328576,-33.225181,10.421791,-2.662539
-23.738280,-32.898551,10.220798,-2.592769
-24.092135,-32.554249,9.997372,-2.525417
-24.391328,-32.194913,9.754196,-2.460559
-24.637398,-31.823371,9.494188,-2.398221
-24.831883,-31.442455,9.220269,-2.338429
-24.976322,-31.054996,8.935357,-2.281208
-25.072254,-30.663825,8.642373,-2.226586
-25.121216,-30.271772,8.344235,-2.174587
-25.124747,-29.881668,8.043863,-2.125237
-25.084386,-29.496345,7.744177,-2.078563
-25.001670,-29.118633,7.448096,-2.034590
-24.878139,-28.751362,7.158539,-1.993345
-24.715330,-28.397365,6.878426,-1.954852
-24.514783,-28.059471,6.610677,-1.919139
-24.278035,-27.740511,6.358210,-1.886230
-24.006625,-27.443317,6.123945,-1.856153
-23.702091,-27.170718,5.910802,-1.828932
-23.365972,-26.925547,5.721701,-1.804594
-22.999889,-26.710508,5.559403,-1.783171
-22.606712,-26.526384,5.424292,-1.764795
-22.190291,-26.372462,5.314892,-1.749673
-21.754498,-26.247988,5.229679,-1.738017
-21.303206,-26.152210,5.167131,-1.730036
-20.840289,-26.084374,5.125723,-1.725942
-20.369621,-26.043726,5.103931,-1.725945
-19.895074,-26.029513,5.100232,-1.730255
-19.420522,-26.040982,5.113101,-1.739083
-18.949839,-26.077380,5.141015,-1.752640
-18.486897,-26.137953,5.182451,-1.771135
-18.035571,-26.221947,5.235884,-1.794780
-17.599734,-26.328611,5.299791,-1.823785
-17.183258,-26.457189,5.372648,-1.858360
-16.790017,-26.606929,5.452931,-1.898716
-16.423886,-26.777078,5.539117,-1.945064
-16.088736,-26.966881,5.629681,-1.997613
-15.788442,-27.175587,5.723100,-2.056575
-15.526316,-27.402380,5.818035,-2.122033
-15.302537,-27.646109,5.914183,-2.193362
-15.116190,-27.905502,6.011601,-2.269688
-14.966362,-28.179289,6.110346,-2.350139
-14.852140,-28.466199,6.210476,-2.433842
-14.772610,-28.764962,6.312047,-2.519925
-14.726858,-29.074306,6.415117,-2.607515
-14.713969,-29.392962,6.519744,-2.695739
-14.733031,-29.719658,6.625984,-2.783725
-14.783129,-30.053123,6.733896,-2.870598
-14.863350,-30.392088,6.843535,-2.955488
-14.972779,-30.735281,6.954959,-3.037521
-15.110503,-31.081432,7.068227,-3.115825
-15.275609,-31.429269,7.183394,3.093660
-15.467181,-31.777523,7.300518,3.025434
-15.684307,-32.124923,7.419657,2.963556
-15.926073,-32.470197,7.540867,2.908898
-16.191565,-32.812075,7.664206,2.862332
-16.479777,-33.149273,7.789564,2.824209
-16.789498,-33.480469,7.916445,2.793663
-17.119481,-33.804342,8.044296,2.769655
-17.468484,-34.119565,8.172564,2.751145
-17.835260,-34.424816,8.300698,2.737094
-18.218568,-34.718769,8.428144,2.726462
-18.617161,-35.000101,8.554350,2.718210
-19.029796,-35.267488,8.678765,2.711298
-19.455228,-35.519605,8.800834,2.704686
-19.892213,-35.755129,8.920006,2.697335
-20.339508,-35.972735,9.035729,2.688205
-20.795867,-36.171098,9.147449,2.676257
-21.260046,-36.348896,9.254615,2.660451
-21.730801,-36.504803,9.356673,2.639747
-22.206888,-36.637495,9.453073,2.613107
-22.687063,-36.745649,9.543260,2.579490
-23.170081,-36.827940,9.626683,2.537857
-23.654649,-36.883073,9.702798,2.487202
-24.138241,-36.910514,9.771308,2.427402
-24.617012,-36.910540,9.832173,2.359268
-25.087055,-36.883463,9.885369,2.283659
-25.544463,-36.829599,9.930870,2.201433
-25.985329,-36.749261,9.968650,2.113450
-26.405746,-36.642765,9.998683,2.020566
-26.801806,-36.510425,10.020945,1.923640
-27.169602,-36.352555,10.035409,1.823531
-27.505227,-36.169470,10.042051,1.721097
-27.804774,-35.961483,10.040843,1.617197
-28.064336,-35.728911,10.031761,1.512687
-28.280005,-35.472066,10.014780,1.408428
-28.447874,-35.191265,9.989873,1.305277
-28.564037,-34.886820,9.957015,1.204092
-28.624585,-34.559046,9.916180,1.105731
-28.625612,-34.208258,9.867344,1.011054
-28.563210,-33.834771,9.810480,0.920918
-28.434160,-33.439186,9.745584,0.836120
-28.240845,-33.024453,9.672834,0.756952
-27.988379,-32.594666,9.592493,0.683458
-27.681896,-32.153923,9.504827,0.615684
-27.326529,-31.706328,9.410100,0.553674
-26.927409,-31.255979,9.308578,0.497471
-26.489671,-30.806979,9.200524,0.447120
-26.018447,-30.363428,9.086204,0.402664
-25.518869,-29.929426,8.965882,0.364149
-24.996072,-29.509076,8.839825,0.331617
-24.455188,-29.106476,8.708295,0.305114
-23.901350,-28.725729,8.571558,0.284683
-23.339691,-28.370934,8.429880,0.270368
-22.775343,-28.046193,8.283524,0.262214
-22.213440,-27.755607,8.132757,0.260264
-21.659115,-27.503276,7.977841,0.264563
-21.117500,-27.293302,7.819043,0.275154
-20.593729,-27.129784,7.656628,0.292083
-20.091646,-27.015564,7.491026,0.315328
-19.610839,-26.949314,7.323225,0.344654
-19.150015,-26.928845,7.154324,0.379781
-18.707880,-26.951970,6.985422,0.420432
-18.283143,-27.016499,6.817621,0.466326
-17.874509,-27.120245,6.652020,0.517184
-17.480687,-27.261019,6.489718,0.572727
-17.100383,-27.436633,6.331817,0.632676
-16.732305,-27.644898,6.179415,0.696751
-16.375159,-27.883626,6.033613,0.764673
-16.027652,-28.150628,5.895511,0.836162
-15.688493,-28.443716,5.766208,0.910941
-15.356387,-28.760702,5.646805,0.988728
-15.030043,-29.099397,5.538402,1.069246
-14.708167,-29.457613,5.442099,1.152214
-14.389466,-29.833162,5.358995,1.237354
-14.072648,-30.223854,5.290190,1.324386
-13.756431,-30.627500,5.236774,1.413028
-13.440134,-31.041828,5.199236,1.502823
-13.123951,-31.464442,5.177199,1.593064
-12.808144,-31.892940,5.170216,1.683024
-12.492973,-32.324919,5.177841,1.771974
-12.178701,-32.757974,5.199627,1.859188
-11.865589,-33.189704,5.235128,1.943937
-11.553899,-33.617704,5.283897,2.025495
-11.243892,-34.039570,5.345488,2.103133
-10.935831,-34.452901,5.419455,2.176124
-10.629976,-34.855292,5.505350,2.243740
-10.326590,-35.244339,5.602728,2.305254
-10.025934,-35.617641,5.711141,2.359939
-9.728270,-35.972793,5.830145,2.407066
-9.433860,-36.307391,5.959291,2.445908
-9.142964,-36.619034,6.098134,2.475737
-8.855846,-36.905317,6.246226,2.495827
-8.572765,-37.163836,6.403123,2.505449
-8.294028,-37.392331,6.568350,2.503942
-8.020462,-37.590287,6.741117,2.491476
-7.753251,-37.758365,6.920417,2.468773
-7.493582,-37.897248,7.105238,2.436569
-7.242645,-38.007619,7.294569,2.395599
-7.001629,-38.090161,7.487401,2.346598
-6.771723,-38.145557,7.682722,2.290302
-6.554114,-38.174491,7.879522,2.227444
-6.349993,-38.177645,8.076789,2.158760
-6.160548,-38.155702,8.273512,2.084986
-5.986968,-38.109346,8.468682,2.006855
-5.830442,-38.039259,8.661286,1.925104
-5.692159,-37.946125,8.850315,1.840466
-5.573307,-37.830627,9.034757,1.753678
-5.475075,-37.693448,9.213602,1.665473
-5.398653,-37.535270,9.385838,1.576588
-5.345228,-37.356778,9.550455,1.487757
-5.315991,-37.158653,9.706443,1.399714
-5.311927,-36.941916,9.852809,1.313111
-5.333063,-36.709177,9.988660,1.228194
-5.379145,-36.463516,10.113128,1.145091
-5.449917,-36.208014,10.225346,1.063932
-5.545123,-35.945751,10.324447,0.984844
-5.664509,-35.679807,10.409563,0.907956
-5.807818,-35.413262,10.479828,0.833396
-5.974796,-35.149196,10.534374,0.761293
-6.165187,-34.890690,10.572335,0.691775
-6.378737,-34.640824,10.592843,0.624971
-6.615188,-34.402678,10.595032,0.561009
-6.874287,-34.179332,10.578033,0.500018
-7.155777,-33.973867,10.540980,0.442126
-7.459404,-33.789363,10.483007,0.387461
-7.784912,-33.628899,10.403245,0.336151
-8.132045,-33.495557,10.300828,0.288327
-8.500549,-33.392416,10.174888,0.244115
-8.890166,-33.322543,10.024567,0.203643
-9.300302,-33.287038,9.850106,0.166933
-9.729696,-33.283066,9.653959,0.133794
-10.177004,-33.307315,9.438842,0.104010
-10.640882,-33.356478,9.207472,0.077363
-11.119988,-33.427244,8.962564,0.053637
-11.612977,-33.516305,8.706836,0.032615
-12.118506,-33.620351,8.443005,0.014081
-12.635233,-33.736073,8.173787,-0.002181
-13.161813,-33.860163,7.901899,-0.016389
-13.696903,-33.989310,7.630057,-0.028759
-14.239161,-34.120206,7.360977,-0.039507
-14.787242,-34.249541,7.097378,-0.048851
-15.339803,-34.374006,6.841975,-0.057006
-15.895501,-34.490292,6.597484,-0.064190
-16.452992,-34.595090,6.366623,-0.070619
-17.010933,-34.685091,6.152108,-0.076510
-17.567982,-34.756985,5.956656,-0.082079
-18.122787,-34.807578,5.782905,-0.087543
-18.673879,-34.835956,5.631933,-0.093140
-19.219674,-34.843305,5.503383,-0.099123
-19.758585,-34.830888,5.396841,-0.105747
-20.289025,-34.799970,5.311898,-0.113267
-20.809407,-34.751814,5.248142,-0.121936
-21.318143,-34.687685,5.205160,-0.132011
-21.813648,-34.608846,5.182542,-0.143745
-22.294333,-34.516561,5.179876,-0.157393
-22.758611,-34.412095,5.196750,-0.173210
-23.204895,-34.296710,5.232753,-0.191450
-23.631599,-34.171672,5.287473,-0.212368
-24.037134,-34.038244,5.360499,-0.236219
-24.419915,-33.897690,5.451419,-0.263256
-24.778353,-33.751273,5.559822,-0.293736
-25.110862,-33.600259,5.685296,-0.327913
-25.415854,-33.445910,5.827430,-0.366040
-25.691743,-33.289491,5.985812,-0.408373
-25.937035,-33.132137,6.159912,-0.455127
-26.150887,-32.974097,6.348394,-0.506250
-26.332724,-32.815256,6.549583,-0.561576
-26.481971,-32.655496,6.761806,-0.620941
-26.598055,-32.494697,6.983387,-0.684180
-26.680401,-32.332742,7.212651,-0.751127
-26.728436,-32.169513,7.447925,-0.821618
-26.741587,-32.004891,7.687533,-0.895488
-26.719278,-31.838758,7.929801,-0.972571
-26.660936,-31.670995,8.173054,-1.052703
-26.565987,-31.501485,8.415617,-1.135719
-26.433857,-31.330110,8.655817,-1.221454
-26.263972,-31.156750,8.891977,-1.309742
-26.055759,-30.981289,9.122423,-1.400420
-25.808643,-30.803607,9.345482,-1.493320
-25.522051,-30.623586,9.559477,-1.588280
-25.195408,-30.441108,9.762735,-1.685134
-24.828143,-30.256056,9.953581,-1.783716
-24.421441,-30.068981,10.130612,-1.883711
-23.981426,-29.882316,10.293192,-1.984384
-23.515085,-29.698820,10.440815,-2.084924
-23.029404,-29.521254,10.572977,-2.184522
-22.531368,-29.352377,10.689174,-2.282367
-22.027963,-29.194950,10.788901,-2.377650
-21.526175,-29.051733,10.871653,-2.469561
-21.032991,-28.925487,10.936928,-2.557290
-20.555395,-28.818970,10.984219,-2.640028
-20.100374,-28.734944,11.013023,-2.716964
-19.674915,-28.676169,11.022835,-2.787288
-19.286002,-28.645404,11.013150,-2.850191
-18.940621,-28.645410,10.983465,-2.904864
-18.645760,-28.678946,10.933275,-2.950495
-18.408402,-28.748774,10.862075,-2.986276
-18.235536,-28.857653,10.769362,-3.011396
-18.134146,-29.008343,10.654630,-3.025045
-18.111054,-29.203519,10.517408,-3.026437
-18.167193,-29.442763,10.358447,-3.015582
-18.296087,-29.721774,10.180024,-2.993496
-18.490794,-30.036003,9.984518,-2.961260
-18.744371,-30.380902,9.774305,-2.919952
-19.049874,-30.751922,9.551764,-2.870653
-19.400359,-31.144515,9.319270,-2.814441
-19.788884,-31.554133,9.079202,-2.752398
-20.208505,-31.976226,8.833936,-2.685602
-20.652278,-32.406247,8.585849,-2.615134
-21.113261,-32.839647,8.337319,-2.542072
-21.584509,-33.271877,8.090724,-2.467497
-22.059080,-33.698389,7.848439,-2.392488
-22.530030,-34.114634,7.612843,-2.318125
-22.990415,-34.516065,7.386313,-2.245487
-23.433293,-34.898132,7.171225,-2.175655
-23.851719,-35.256287,6.969958,-2.109708
-24.238751,-35.585981,6.784887,-2.048725
-24.587987,-35.883048,6.618188,-1.993703
-24.898496,-36.147167,6.469977,-1.944782
-25.172519,-36.380252,6.339182,-1.901609
-25.412337,-36.584241,6.224713,-1.863826
-25.620229,-36.761075,6.125483,-1.831072
-25.798477,-36.912694,6.040403,-1.802989
-25.949361,-37.041036,5.968384,-1.779217
-26.075161,-37.148041,5.908337,-1.759397
-26.178157,-37.235650,5.859176,-1.743170
-26.260630,-37.305802,5.819810,-1.730176
-26.324860,-37.360436,5.789152,-1.720057
-26.373128,-37.401492,5.766113,-1.712452
-26.407713,-37.430911,5.749605,-1.707003
-26.430897,-37.450631,5.738539,-1.703350
-26.444959,-37.462592,5.731827,-1.701135
-26.452180,-37.468735,5.728380,-1.699997
-26.454841,-37.470997,5.727111,-1.699578
-26.455221,-37.471321,5.726929,-1.699518
