5.357416,-51.048722,8.000000,-1.570796
5.357502,-51.048712,8.000000,-1.570816
5.358107,-51.048646,8.000000,-1.570952
5.359750,-51.048466,8.000000,-1.571320
5.362949,-51.048116,8.000000,-1.572038
5.368223,-51.047539,8.000000,-1.573222
5.376091,-51.046678,8.000000,-1.574988
5.387072,-51.045477,8.000000,-1.577453
5.401683,-51.043878,8.000000,-1.580733
5.420445,-51.041825,8.000000,-1.584944
5.443876,-51.039261,8.000000,-1.590203
5.472494,-51.036129,8.000000,-1.596627
5.506819,-51.032373,8.000000,-1.604332
5.547368,-51.027936,8.000000,-1.613434
5.594575,-51.022774,8.000000,-1.624036
5.647630,-51.017023,8.000000,-1.636045
5.704808,-51.010955,8.000000,-1.649226
5.764359,-51.004844,8.000000,-1.663337
5.824535,-50.998964,8.000000,-1.678138
5.883588,-50.993589,8.000000,-1.693389
5.939769,-50.988994,8.000000,-1.708849
5.991329,-50.985452,8.000000,-1.724279
6.036521,-50.983238,8.000000,-1.739437
6.073594,-50.982627,8.000000,-1.754084
6.100802,-50.983891,8.000000,-1.767978
6.116394,-50.987306,8.000000,-1.780880
6.118623,-50.993146,8.000000,-1.792550
6.105747,-51.001686,8.000000,-1.802747
6.077027,-51.013279,8.000000,-1.811365
6.033798,-51.028443,8.000000,-1.818567
5.977651,-51.047716,8.000000,-1.824553
5.910177,-51.071636,8.000000,-1.829519
5.832967,-51.100742,8.000000,-1.833666
5.747612,-51.135570,8.000000,-1.837190
5.655702,-51.176660,8.000000,-1.840290
5.558830,-51.224549,8.000000,-1.843165
5.458585,-51.279774,8.000000,-1.846012
5.356559,-51.342875,8.000000,-1.849030
5.254343,-51.414389,8.000000,-1.852418
5.153528,-51.494854,8.000000,-1.856373
5.055705,-51.584807,8.000000,-1.861094
4.962197,-51.684571,8.000000,-1.866735
4.872593,-51.793061,8.000000,-1.873166
4.785791,-51.908633,8.000000,-1.880144
4.700688,-52.029643,8.000000,-1.887426
4.616181,-52.154444,8.000000,-1.894767
4.531166,-52.281392,8.000000,-1.901924
4.444538,-52.408841,8.000000,-1.908654
4.355196,-52.535147,8.000000,-1.914713
4.262034,-52.658663,8.000000,-1.919857
4.163950,-52.777745,8.000000,-1.923844
4.059840,-52.890747,8.000000,-1.926429
3.948601,-52.996025,8.000000,-1.927368
3.829128,-53.091933,8.000000,-1.926419
3.700398,-53.176886,8.000000,-1.923345
3.563683,-53.251024,8.000000,-1.918114
3.422831,-53.316428,8.000000,-1.910928
3.281829,-53.375280,8.000000,-1.901998
3.144660,-53.429762,8.000000,-1.891536
3.015312,-53.482056,8.000000,-1.879756
2.897770,-53.534346,8.000000,-1.866869
2.796020,-53.588814,8.000000,-1.853088
2.714047,-53.647642,8.000000,-1.838624
2.655837,-53.713012,8.000000,-1.823691
2.625375,-53.787108,8.000000,-1.808501
2.626648,-53.872111,8.000000,-1.793265
2.663641,-53.970204,8.000000,-1.778197
2.740339,-54.083570,8.000000,-1.763508
2.858997,-54.212756,8.000000,-1.749385
3.016243,-54.353001,8.000000,-1.735925
3.207560,-54.498463,8.000000,-1.723211
3.428436,-54.643302,8.000000,-1.711323
3.674353,-54.781677,8.000000,-1.700342
3.940798,-54.907747,8.000000,-1.690351
4.223256,-55.015672,8.000000,-1.681429
4.517211,-55.099611,8.000000,-1.673659
4.818148,-55.153722,8.000000,-1.667120
5.121553,-55.172166,8.000000,-1.661896
5.422911,-55.149101,8.000000,-1.658066
5.717707,-55.078688,8.000000,-1.655712
6.001425,-54.955084,8.000000,-1.654914
6.269850,-54.773251,8.000000,-1.655739
6.522035,-54.536933,8.000000,-1.658068
6.759053,-54.255293,8.000000,-1.661671
6.982007,-53.937577,8.000000,-1.666318
7.192000,-53.593028,8.000000,-1.671777
7.390135,-53.230891,8.000000,-1.677817
7.577514,-52.860411,8.000000,-1.684206
7.755240,-52.490832,8.000000,-1.690713
7.924415,-52.131397,8.000000,-1.697107
8.086143,-51.791353,8.000000,-1.703157
8.241526,-51.479943,8.000000,-1.708630
8.391667,-51.206412,8.000000,-1.713297
8.537668,-50.980004,8.000000,-1.716925
8.680618,-50.809894,8.000000,-1.719286
8.820406,-50.699838,8.000000,-1.720322
8.954875,-50.644321,8.000000,-1.720273
9.081671,-50.636926,8.000000,-1.719404
9.198435,-50.671232,8.000000,-1.717983
9.302812,-50.740821,8.000000,-1.716278
9.392446,-50.839272,8.000000,-1.714554
9.464979,-50.960168,8.000000,-1.713080
9.518056,-51.097089,8.000000,-1.712121
9.549320,-51.243616,8.000000,-1.711945
9.556414,-51.393328,8.000000,-1.712819
9.536982,-51.539808,8.000000,-1.715010
9.488668,-51.676636,8.000000,-1.718785
9.409115,-51.797392,8.000000,-1.724411
9.297016,-51.896484,8.000000,-1.732081
9.156561,-51.972640,8.000000,-1.741597
8.993727,-52.025996,8.000000,-1.752635
8.814496,-52.056690,8.000000,-1.764872
8.624846,-52.064860,8.000000,-1.777983
8.430758,-52.050644,8.000000,-1.791644
8.238211,-52.014179,8.000000,-1.805531
8.053186,-51.955604,8.000000,-1.819320
7.881663,-51.875054,8.000000,-1.832687
7.729622,-51.772670,8.000000,-1.845308
7.603043,-51.648587,8.000000,-1.856859
7.507905,-51.502944,8.000000,-1.867015
7.450188,-51.335879,8.000000,-1.875453
7.435513,-51.147666,8.000000,-1.881864
7.462089,-50.941410,8.000000,-1.886256
7.521182,-50.722866,8.000000,-1.888934
7.603790,-50.497892,8.000000,-1.890214
7.700911,-50.272345,8.000000,-1.890413
7.803541,-50.052082,8.000000,-1.889847
7.902680,-49.842962,8.000000,-1.888833
7.989323,-49.650841,8.000000,-1.887688
8.054470,-49.481578,8.000000,-1.886727
8.089116,-49.341030,8.000000,-1.886267
8.084261,-49.235055,8.000000,-1.886624
8.030902,-49.169510,8.000000,-1.888116
7.920036,-49.150252,8.000000,-1.891058
7.742670,-49.183134,8.000000,-1.895766
7.494484,-49.270652,8.000000,-1.902393
7.183575,-49.406390,8.000000,-1.910648
6.820080,-49.582472,8.000000,-1.920173
6.414134,-49.791019,8.000000,-1.930607
5.975875,-50.024153,8.000000,-1.941590
5.515437,-50.273997,8.000000,-1.952761
5.042956,-50.532671,8.000000,-1.963762
4.568570,-50.792300,8.000000,-1.974230
4.102414,-51.045003,8.000000,-1.983808
3.654623,-51.282904,8.000000,-1.992133
3.235335,-51.498125,8.000000,-1.998847
2.854685,-51.682787,8.000000,-2.003588
2.522809,-51.829013,8.000000,-2.005997
2.248783,-51.929946,8.000000,-2.005765
2.032521,-51.987549,8.000000,-2.003019
1.869257,-52.008294,8.000000,-1.998114
1.754184,-51.998690,8.000000,-1.991402
1.682497,-51.965246,8.000000,-1.983239
1.649389,-51.914471,8.000000,-1.973979
1.650056,-51.852873,8.000000,-1.963977
1.679690,-51.786961,8.000000,-1.953586
1.733487,-51.723244,8.000000,-1.943162
1.806640,-51.668230,8.000000,-1.933059
1.894344,-51.628430,8.000000,-1.923631
1.991793,-51.610350,8.000000,-1.915233
2.094181,-51.620501,8.000000,-1.908220
2.196745,-51.665304,8.000000,-1.902940
2.296719,-51.747036,8.000000,-1.899519
2.394178,-51.862089,8.000000,-1.897760
2.489415,-52.006407,8.000000,-1.897443
2.582719,-52.175933,8.000000,-1.898347
2.674382,-52.366612,8.000000,-1.900253
2.764695,-52.574386,8.000000,-1.902940
2.853949,-52.795200,8.000000,-1.906187
2.942434,-53.024998,8.000000,-1.909775
3.030443,-53.259723,8.000000,-1.913482
3.118266,-53.495318,8.000000,-1.917089
3.206193,-53.727728,8.000000,-1.920376
3.294517,-53.952897,8.000000,-1.923121
3.383528,-54.166767,8.000000,-1.925104
3.473391,-54.365714,8.000000,-1.926170
3.563733,-54.547944,8.000000,-1.926432
3.654040,-54.712145,8.000000,-1.926077
3.743798,-54.857010,8.000000,-1.925291
3.832490,-54.981229,8.000000,-1.924260
3.919604,-55.083491,8.000000,-1.923172
4.004623,-55.162489,8.000000,-1.922212
4.087034,-55.216912,8.000000,-1.921566
4.166322,-55.245451,8.000000,-1.921421
4.241972,-55.246797,8.000000,-1.921964
4.313470,-55.219639,8.000000,-1.923380
4.380300,-55.162670,8.000000,-1.925857
4.441949,-55.074578,8.000000,-1.929579
4.498019,-54.954256,8.000000,-1.934718
4.549920,-54.803663,8.000000,-1.941183
4.600478,-54.627156,8.000000,-1.948682
4.652552,-54.429159,8.000000,-1.956919
4.709004,-54.214093,8.000000,-1.965596
4.772695,-53.986382,8.000000,-1.974415
4.846487,-53.750448,8.000000,-1.983079
4.933240,-53.510713,8.000000,-1.991292
5.035816,-53.271599,8.000000,-1.998755
5.157076,-53.037530,8.000000,-2.005171
5.299881,-52.812927,8.000000,-2.010244
5.467093,-52.602214,8.000000,-2.013675
5.661572,-52.409811,8.000000,-2.015168
5.886167,-52.240131,8.000000,-2.014427
6.141179,-52.095312,8.000000,-2.011354
6.421349,-51.972533,8.000000,-2.006288
6.720687,-51.868323,8.000000,-1.999627
7.033202,-51.779206,8.000000,-1.991767
7.352902,-51.701710,8.000000,-1.983105
7.673798,-51.632361,8.000000,-1.974037
7.989899,-51.567686,8.000000,-1.964959
8.295213,-51.504211,8.000000,-1.956269
8.583749,-51.438463,8.000000,-1.948363
8.849517,-51.366968,8.000000,-1.941637
9.086526,-51.286253,8.000000,-1.936488
9.288784,-51.192844,8.000000,-1.933313
9.450302,-51.083268,8.000000,-1.932508
9.565934,-50.954688,8.000000,-1.934392
9.636362,-50.808663,8.000000,-1.938742
9.664729,-50.648605,8.000000,-1.945107
9.654183,-50.477929,8.000000,-1.953038
9.607873,-50.300053,8.000000,-1.962082
9.528950,-50.118396,8.000000,-1.971788
9.420562,-49.936373,8.000000,-1.981707
9.285858,-49.757403,8.000000,-1.991386
9.127989,-49.584902,8.000000,-2.000374
8.950103,-49.422288,8.000000,-2.008221
8.755350,-49.272979,8.000000,-2.014475
8.546880,-49.140391,8.000000,-2.018685
8.327840,-49.027941,8.000000,-2.020401
8.101399,-48.938967,8.000000,-2.019181
7.871274,-48.874214,8.000000,-2.014905
7.641831,-48.831366,8.000000,-2.007833
7.417478,-48.807930,8.000000,-1.998246
7.202619,-48.801413,8.000000,-1.986425
7.001661,-48.809321,8.000000,-1.972653
6.819009,-48.829161,8.000000,-1.957210
6.659070,-48.858440,8.000000,-1.940377
6.526248,-48.894665,8.000000,-1.922437
6.424949,-48.935342,8.000000,-1.903671
6.359579,-48.977978,8.000000,-1.884360
6.334545,-49.020079,8.000000,-1.864785
6.354251,-49.059153,8.000000,-1.845228
6.423103,-49.092707,8.000000,-1.825971
6.543113,-49.119013,8.000000,-1.807229
6.708036,-49.138989,8.000000,-1.788995
6.909847,-49.154125,8.000000,-1.771212
7.140524,-49.165908,8.000000,-1.753823
7.392042,-49.175825,8.000000,-1.736773
7.656377,-49.185365,8.000000,-1.720004
7.925504,-49.196016,8.000000,-1.703460
8.191402,-49.209265,8.000000,-1.687084
8.446044,-49.226601,8.000000,-1.670821
8.681408,-49.249511,8.000000,-1.654613
8.889469,-49.279484,8.000000,-1.638404
9.062204,-49.318007,8.000000,-1.622137
9.191589,-49.366568,8.000000,-1.605756
9.270285,-49.426570,8.000000,-1.589212
9.299036,-49.498409,8.000000,-1.572530
9.283839,-49.581824,8.000000,-1.555788
9.230783,-49.676547,8.000000,-1.539064
9.145959,-49.782305,8.000000,-1.522436
9.035454,-49.898830,8.000000,-1.505982
8.905358,-50.025849,8.000000,-1.489779
8.761760,-50.163092,8.000000,-1.473907
8.610748,-50.310290,8.000000,-1.458441
8.458412,-50.467171,8.000000,-1.443462
8.310841,-50.633465,8.000000,-1.429046
8.174123,-50.808901,8.000000,-1.415271
8.054348,-50.993209,8.000000,-1.402215
7.957572,-51.186107,8.000000,-1.389956
7.886721,-51.386265,8.000000,-1.378501
7.839081,-51.590464,8.000000,-1.367729
7.811350,-51.795284,8.000000,-1.357508
7.800221,-51.997310,8.000000,-1.347706
7.802391,-52.193122,8.000000,-1.338188
7.814555,-52.379302,8.000000,-1.328822
7.833408,-52.552434,8.000000,-1.319476
7.855646,-52.709098,8.000000,-1.310016
7.877964,-52.845877,8.000000,-1.300309
7.897058,-52.959353,8.000000,-1.290223
7.909624,-53.046108,8.000000,-1.279624
7.912357,-53.102724,8.000000,-1.268380
7.901951,-53.125784,8.000000,-1.256357
7.875807,-53.113017,8.000000,-1.243460
7.835230,-53.068536,8.000000,-1.229798
7.782878,-52.998656,8.000000,-1.215551
7.721407,-52.909696,8.000000,-1.200898
7.653476,-52.807973,8.000000,-1.186020
7.581743,-52.699807,8.000000,-1.171096
7.508865,-52.591515,8.000000,-1.156306
7.437501,-52.489415,8.000000,-1.141832
7.370307,-52.399826,8.000000,-1.127851
7.309943,-52.329066,8.000000,-1.114545
7.259066,-52.283453,8.000000,-1.102093
7.220333,-52.269305,8.000000,-1.090675
7.196402,-52.292941,8.000000,-1.080472
7.189810,-52.360374,8.000000,-1.071658
7.200328,-52.470782,8.000000,-1.064303
7.225006,-52.616593,8.000000,-1.058371
7.260776,-52.789948,8.000000,-1.053823
7.304571,-52.982988,8.000000,-1.050618
7.353322,-53.187855,8.000000,-1.048718
7.403962,-53.396690,8.000000,-1.048081
7.453424,-53.601634,8.000000,-1.048669
7.498640,-53.794829,8.000000,-1.050441
7.536543,-53.968416,8.000000,-1.053358
7.564064,-54.114537,8.000000,-1.057380
7.578137,-54.225332,8.000000,-1.062467
7.575693,-54.292944,8.000000,-1.068579
7.553667,-54.309517,8.000000,-1.075676
7.510714,-54.270893,8.000000,-1.083723
7.450322,-54.183302,8.000000,-1.092695
7.376828,-54.054792,8.000000,-1.102570
7.294564,-53.893407,8.000000,-1.113325
7.207865,-53.707194,8.000000,-1.124938
7.121066,-53.504197,8.000000,-1.137386
7.038500,-53.292464,8.000000,-1.150647
6.964502,-53.080039,8.000000,-1.164699
6.903407,-52.874968,8.000000,-1.179518
6.859549,-52.685297,8.000000,-1.195083
6.837261,-52.519072,8.000000,-1.211371
6.840879,-52.384338,8.000000,-1.228360
6.874736,-52.289142,8.000000,-1.246026
6.942542,-52.240596,8.000000,-1.264332
7.042234,-52.237211,8.000000,-1.283094
7.168634,-52.272856,8.000000,-1.302049
7.316535,-52.341350,8.000000,-1.320931
7.480728,-52.436516,8.000000,-1.339479
7.656005,-52.552175,8.000000,-1.357427
7.837159,-52.682148,8.000000,-1.374513
8.018979,-52.820259,8.000000,-1.390471
8.196260,-52.960327,8.000000,-1.405039
8.363792,-53.096174,8.000000,-1.417951
8.516368,-53.221623,8.000000,-1.428946
8.648778,-53.330494,8.000000,-1.437758
8.755816,-53.416610,8.000000,-1.444123
8.832324,-53.473872,8.000000,-1.447782
8.875971,-53.500579,8.000000,-1.448644
8.888651,-53.501612,8.000000,-1.446878
8.872606,-53.482388,8.000000,-1.442670
8.830075,-53.448327,8.000000,-1.436210
8.763301,-53.404848,8.000000,-1.427686
8.674523,-53.357369,8.000000,-1.417286
8.565984,-53.311309,8.000000,-1.405198
8.439925,-53.272088,8.000000,-1.391611
8.298585,-53.245123,8.000000,-1.376712
8.144207,-53.235834,8.000000,-1.360691
7.979030,-53.249640,8.000000,-1.343735
7.805297,-53.291960,8.000000,-1.326033
7.625248,-53.368212,8.000000,-1.307772
7.441009,-53.482240,8.000000,-1.289149
7.254182,-53.630792,8.000000,-1.270385
7.066223,-53.808620,8.000000,-1.251711
6.878588,-54.010475,8.000000,-1.233360
6.692733,-54.231108,8.000000,-1.215562
6.510115,-54.465268,8.000000,-1.198548
6.332188,-54.707709,8.000000,-1.182549
6.160410,-54.953179,8.000000,-1.167797
5.996235,-55.196431,8.000000,-1.154523
5.841121,-55.432216,8.000000,-1.142958
5.696522,-55.655283,8.000000,-1.133333
5.563895,-55.860385,8.000000,-1.125878
5.444697,-56.042272,8.000000,-1.120827
5.340342,-56.195868,8.000000,-1.118394
5.251584,-56.318954,8.000000,-1.118562
5.178630,-56.411668,8.000000,-1.121117
5.121671,-56.474217,8.000000,-1.125840
5.080898,-56.506809,8.000000,-1.132513
5.056501,-56.509650,8.000000,-1.140916
5.048672,-56.482949,8.000000,-1.150831
5.057601,-56.426913,8.000000,-1.162038
5.083480,-56.341749,8.000000,-1.174319
5.126498,-56.227665,8.000000,-1.187454
5.186847,-56.084867,8.000000,-1.201226
5.264718,-55.913563,8.000000,-1.215414
5.360301,-55.713961,8.000000,-1.229800
5.473784,-55.486271,8.000000,-1.244165
5.604358,-55.231494,8.000000,-1.258354
5.748920,-54.952452,8.000000,-1.272355
5.904045,-54.652225,8.000000,-1.286180
6.066308,-54.333891,8.000000,-1.299838
6.232284,-54.000529,8.000000,-1.313340
6.398546,-53.655219,8.000000,-1.326694
6.561670,-53.301039,8.000000,-1.339911
6.718229,-52.941068,8.000000,-1.353002
6.864800,-52.578386,8.000000,-1.365976
6.997955,-52.216071,8.000000,-1.378843
7.114271,-51.857203,8.000000,-1.391614
7.210321,-51.504859,8.000000,-1.404297
7.282680,-51.162120,8.000000,-1.416904
7.328232,-50.832057,8.000000,-1.429449
7.346140,-50.517682,8.000000,-1.441981
7.336581,-50.221985,8.000000,-1.454565
7.299734,-49.947952,8.000000,-1.467266
7.235783,-49.698574,8.000000,-1.480148
7.144908,-49.476836,8.000000,-1.493276
7.027290,-49.285728,8.000000,-1.506715
6.883112,-49.128237,8.000000,-1.520530
6.712554,-49.007352,8.000000,-1.534786
6.515797,-48.926060,8.000000,-1.549546
6.293024,-48.887350,8.000000,-1.564876
6.044415,-48.894209,8.000000,-1.580841
5.770151,-48.949625,8.000000,-1.597506
5.470517,-49.056455,8.000000,-1.614933
5.149391,-49.212873,8.000000,-1.633123
4.815138,-49.411219,8.000000,-1.651999
4.476402,-49.643466,8.000000,-1.671482
4.141828,-49.901590,8.000000,-1.691488
3.820060,-50.177564,8.000000,-1.711938
3.519744,-50.463363,8.000000,-1.732749
3.249523,-50.750961,8.000000,-1.753840
3.018042,-51.032332,8.000000,-1.775130
2.833947,-51.299450,8.000000,-1.796537
2.705881,-51.544290,8.000000,-1.817981
2.642489,-51.758826,8.000000,-1.839380
2.652416,-51.935032,8.000000,-1.860652
2.744307,-52.064882,8.000000,-1.881717
2.922673,-52.142573,8.000000,-1.902470
3.176904,-52.170436,8.000000,-1.922728
3.492931,-52.152659,8.000000,-1.942288
3.856686,-52.093433,8.000000,-1.960945
4.254099,-51.996947,8.000000,-1.978498
4.671102,-51.867391,8.000000,-1.994744
5.093627,-51.708955,8.000000,-2.009479
5.507604,-51.525827,8.000000,-2.022500
5.898965,-51.322199,8.000000,-2.033605
6.253641,-51.102260,8.000000,-2.042590
6.557564,-50.870199,8.000000,-2.049253
6.796665,-50.630207,8.000000,-2.053390
6.956875,-50.386472,8.000000,-2.054799
7.025328,-50.143129,8.000000,-2.053305
7.004386,-49.903599,8.000000,-2.049099
6.906858,-49.670817,8.000000,-2.042623
6.745755,-49.447707,8.000000,-2.034322
6.534091,-49.237194,8.000000,-2.024642
6.284879,-49.042203,8.000000,-2.014030
6.011131,-48.865657,8.000000,-2.002932
5.725860,-48.710481,8.000000,-1.991792
5.442080,-48.579600,8.000000,-1.981059
5.172802,-48.475939,8.000000,-1.971177
4.931039,-48.402422,8.000000,-1.962593
4.729805,-48.361973,8.000000,-1.955752
4.582112,-48.357518,8.000000,-1.951102
4.500912,-48.391961,8.000000,-1.949084
4.492214,-48.466029,8.000000,-1.949874
4.548822,-48.576304,8.000000,-1.953132
4.662060,-48.718903,8.000000,-1.958459
4.823249,-48.889944,8.000000,-1.965459
5.023713,-49.085543,8.000000,-1.973734
5.254774,-49.301819,8.000000,-1.982886
5.507757,-49.534888,8.000000,-1.992519
5.773982,-49.780867,8.000000,-2.002235
6.044774,-50.035874,8.000000,-2.011637
6.311455,-50.296026,8.000000,-2.020326
6.565348,-50.557441,8.000000,-2.027906
6.797776,-50.816234,8.000000,-2.033980
7.000062,-51.068525,8.000000,-2.038149
7.164923,-51.310810,8.000000,-2.040075
7.293309,-51.541835,8.000000,-2.039767
7.389184,-51.761169,8.000000,-2.037357
7.456516,-51.968382,8.000000,-2.032982
7.499272,-52.163043,8.000000,-2.026775
7.521422,-52.344723,8.000000,-2.018871
7.526931,-52.512990,8.000000,-2.009406
7.519770,-52.667415,8.000000,-1.998513
7.503904,-52.807566,8.000000,-1.986327
7.483303,-52.933015,8.000000,-1.972984
7.461933,-53.043330,8.000000,-1.958617
7.443764,-53.138082,8.000000,-1.943361
7.432762,-53.216840,8.000000,-1.927351
7.432806,-53.279220,8.000000,-1.910722
7.445537,-53.326006,8.000000,-1.893619
7.470277,-53.359190,8.000000,-1.876194
7.506235,-53.380823,8.000000,-1.858603
7.552624,-53.392954,8.000000,-1.841000
7.608655,-53.397634,8.000000,-1.823538
7.673541,-53.396911,8.000000,-1.806373
7.746492,-53.392837,8.000000,-1.789658
7.826719,-53.387460,8.000000,-1.773548
7.913436,-53.382832,8.000000,-1.758196
8.005852,-53.381001,8.000000,-1.743759
8.103180,-53.384018,8.000000,-1.730388
8.204632,-53.393932,8.000000,-1.718240
8.309417,-53.412793,8.000000,-1.707468
8.416029,-53.441214,8.000000,-1.698158
8.520814,-53.475537,8.000000,-1.690193
8.619723,-53.511308,8.000000,-1.683418
8.708707,-53.544076,8.000000,-1.677678
8.783715,-53.569388,8.000000,-1.672820
8.840699,-53.582791,8.000000,-1.668686
8.875608,-53.579833,8.000000,-1.665124
8.884392,-53.556063,8.000000,-1.661978
8.863003,-53.507027,8.000000,-1.659092
8.807390,-53.428272,8.000000,-1.656314
8.713503,-53.315348,8.000000,-1.653487
8.577293,-53.163800,8.000000,-1.650456
8.394711,-52.969178,8.000000,-1.647068
8.162560,-52.727854,8.000000,-1.643181
7.886071,-52.444357,8.000000,-1.638792
7.575278,-52.127864,8.000000,-1.633980
7.240270,-51.787604,8.000000,-1.628821
6.891135,-51.432806,8.000000,-1.623394
6.537961,-51.072700,8.000000,-1.617776
6.190839,-50.716515,8.000000,-1.612045
5.859857,-50.373482,8.000000,-1.606280
5.555104,-50.052830,8.000000,-1.600556
5.286667,-49.763788,8.000000,-1.594954
5.064637,-49.515586,8.000000,-1.589549
4.899103,-49.317453,8.000000,-1.584421
4.800152,-49.178620,8.000000,-1.579646
4.777752,-49.108204,8.000000,-1.575302
4.834185,-49.108297,8.000000,-1.571387
4.959613,-49.169903,8.000000,-1.567774
5.143128,-49.283053,8.000000,-1.564328
5.373824,-49.437774,8.000000,-1.560911
5.640793,-49.624097,8.000000,-1.557387
5.933128,-49.832050,8.000000,-1.553620
6.239922,-50.051661,8.000000,-1.549472
6.550268,-50.272961,8.000000,-1.544808
6.853259,-50.485979,8.000000,-1.539491
7.137987,-50.680742,8.000000,-1.533383
7.393546,-50.847281,8.000000,-1.526349
7.609029,-50.975624,8.000000,-1.518252
7.773529,-51.055800,8.000000,-1.508956
7.878363,-51.080196,8.000000,-1.498357
7.925496,-51.052476,8.000000,-1.486516
7.920067,-50.979669,8.000000,-1.473543
7.867217,-50.868806,8.000000,-1.459546
7.772089,-50.726918,8.000000,-1.444634
7.639823,-50.561034,8.000000,-1.428916
7.475561,-50.378186,8.000000,-1.412502
7.284443,-50.185404,8.000000,-1.395500
7.071612,-49.989718,8.000000,-1.378019
6.842207,-49.798159,8.000000,-1.360169
6.601371,-49.617758,8.000000,-1.342059
6.354245,-49.455544,8.000000,-1.323797
6.105970,-49.318549,8.000000,-1.305492
5.861572,-49.213463,8.000000,-1.287256
5.624009,-49.140834,8.000000,-1.269228
5.394443,-49.095884,8.000000,-1.251572
5.173976,-49.073660,8.000000,-1.234454
4.963711,-49.069205,8.000000,-1.218040
4.764750,-49.077565,8.000000,-1.202495
4.578197,-49.093786,8.000000,-1.187984
4.405153,-49.112912,8.000000,-1.174674
4.246721,-49.129989,8.000000,-1.162729
4.104004,-49.140062,8.000000,-1.152316
3.978105,-49.138177,8.000000,-1.143600
3.870125,-49.119377,8.000000,-1.136746
3.781168,-49.078710,8.000000,-1.131920
3.712335,-49.011228,8.000000,-1.129287
3.664375,-48.914671,8.000000,-1.128905
3.637178,-48.793334,8.000000,-1.130569
3.630506,-48.652495,8.000000,-1.134036
3.644120,-48.497430,8.000000,-1.139061
3.677781,-48.333415,8.000000,-1.145400
3.731252,-48.165726,8.000000,-1.152810
3.804292,-47.999641,8.000000,-1.161046
3.896664,-47.840435,8.000000,-1.169865
4.008129,-47.693385,8.000000,-1.179024
4.138448,-47.563768,8.000000,-1.188277
4.287383,-47.456859,8.000000,-1.197381
4.454694,-47.377936,8.000000,-1.206092
4.640145,-47.332276,8.000000,-1.214166
4.843211,-47.324423,8.000000,-1.221381
5.061146,-47.353207,8.000000,-1.227675
5.290157,-47.414764,8.000000,-1.233064
5.526443,-47.505213,8.000000,-1.237566
5.766203,-47.620675,8.000000,-1.241197
6.005639,-47.757269,8.000000,-1.243973
6.240949,-47.911114,8.000000,-1.245911
6.468333,-48.078331,8.000000,-1.247027
6.683992,-48.255040,8.000000,-1.247338
6.884125,-48.437360,8.000000,-1.246861
7.064931,-48.621412,8.000000,-1.245612
7.222612,-48.803314,8.000000,-1.243608
7.353366,-48.979187,8.000000,-1.240864
7.453458,-49.145221,8.000000,-1.237399
7.521728,-49.300368,8.000000,-1.233266
7.560395,-49.447211,8.000000,-1.228564
7.571909,-49.588580,8.000000,-1.223397
7.558718,-49.727302,8.000000,-1.217866
7.523272,-49.866207,8.000000,-1.212074
7.468020,-50.008123,8.000000,-1.206125
7.395411,-50.155880,8.000000,-1.200122
7.307895,-50.312305,8.000000,-1.194166
7.207919,-50.480228,8.000000,-1.188362
7.097934,-50.662478,8.000000,-1.182811
6.980389,-50.861882,8.000000,-1.177616
6.857732,-51.081271,8.000000,-1.172881
6.732414,-51.323472,8.000000,-1.168708
6.606554,-51.589400,8.000000,-1.165165
6.481000,-51.872533,8.000000,-1.162180
6.356291,-52.164543,8.000000,-1.159651
6.232965,-52.457104,8.000000,-1.157474
6.111559,-52.741889,8.000000,-1.155545
5.992612,-53.010571,8.000000,-1.153759
5.876662,-53.254825,8.000000,-1.152015
5.764248,-53.466322,8.000000,-1.150207
5.655907,-53.636737,8.000000,-1.148232
5.552177,-53.757743,8.000000,-1.145986
5.453597,-53.821012,8.000000,-1.143365
5.360705,-53.818219,8.000000,-1.140267
5.274039,-53.741036,8.000000,-1.136586
5.194106,-53.582007,8.000000,-1.132227
5.120987,-53.345535,8.000000,-1.127193
5.054453,-53.044603,8.000000,-1.121559
4.994271,-52.692381,8.000000,-1.115402
4.940205,-52.302042,8.000000,-1.108798
4.892021,-51.886757,8.000000,-1.101824
4.849485,-51.459698,8.000000,-1.094558
4.812361,-51.034038,8.000000,-1.087076
4.780416,-50.622947,8.000000,-1.079454
4.753415,-50.239599,8.000000,-1.071770
4.731122,-49.897164,8.000000,-1.064101
4.713305,-49.608815,8.000000,-1.056522
4.699727,-49.387722,8.000000,-1.049112
4.690153,-49.247010,8.000000,-1.041946
4.684094,-49.192962,8.000000,-1.035106
4.680556,-49.218126,8.000000,-1.028681
4.678481,-49.313405,8.000000,-1.022759
4.676816,-49.469701,8.000000,-1.017431
4.674503,-49.677918,8.000000,-1.012787
4.670488,-49.928957,8.000000,-1.008916
4.663715,-50.213723,8.000000,-1.005908
4.653128,-50.523116,8.000000,-1.003853
4.637671,-50.848041,8.000000,-1.002841
4.616289,-51.179399,8.000000,-1.002960
4.587927,-51.508094,8.000000,-1.004302
4.551528,-51.825028,8.000000,-1.006955
4.506036,-52.121104,8.000000,-1.011009
4.450737,-52.388345,8.000000,-1.016519
4.387054,-52.625809,8.000000,-1.023312
4.317236,-52.835281,8.000000,-1.031129
4.243538,-53.018550,8.000000,-1.039711
4.168210,-53.177405,8.000000,-1.048798
4.093507,-53.313638,8.000000,-1.058131
4.021681,-53.429037,8.000000,-1.067450
3.954984,-53.525392,8.000000,-1.076497
3.895670,-53.604494,8.000000,-1.085011
3.845990,-53.668132,8.000000,-1.092734
3.808197,-53.718095,8.000000,-1.099405
3.784545,-53.756174,8.000000,-1.104766
3.777285,-53.784159,8.000000,-1.108556
3.788579,-53.803777,8.000000,-1.110525
3.818088,-53.815088,8.000000,-1.110630
3.862737,-53.816320,8.000000,-1.109056
3.919314,-53.805611,8.000000,-1.106001
3.984603,-53.781097,8.000000,-1.101663
4.055392,-53.740915,8.000000,-1.096239
4.128466,-53.683203,8.000000,-1.089928
4.200612,-53.606096,8.000000,-1.082927
4.268617,-53.507731,8.000000,-1.075432
4.329265,-53.386246,8.000000,-1.067643
4.379344,-53.239776,8.000000,-1.059757
4.415640,-53.066460,8.000000,-1.051971
4.434940,-52.864432,8.000000,-1.044483
4.434029,-52.631832,8.000000,-1.037491
4.411360,-52.368674,8.000000,-1.031133
4.370644,-52.080909,8.000000,-1.025359
4.316627,-51.775653,8.000000,-1.020082
4.254055,-51.460024,8.000000,-1.015217
4.187677,-51.141140,8.000000,-1.010676
4.122237,-50.826117,8.000000,-1.006373
4.062482,-50.522075,8.000000,-1.002221
4.013159,-50.236130,8.000000,-0.998133
3.979015,-49.975400,8.000000,-0.994024
3.964796,-49.747003,8.000000,-0.989806
3.975249,-49.558055,8.000000,-0.985392
4.015120,-49.415675,8.000000,-0.980697
4.089155,-49.326981,8.000000,-0.975633
4.201478,-49.298326,8.000000,-0.970124
4.349612,-49.327990,8.000000,-0.964193
4.527112,-49.409400,8.000000,-0.957922
4.727482,-49.535916,8.000000,-0.951396
4.944223,-49.700897,8.000000,-0.944700
5.170838,-49.897705,8.000000,-0.937918
5.400829,-50.119698,8.000000,-0.931133
5.627698,-50.360238,8.000000,-0.924430
5.844947,-50.612685,8.000000,-0.917894
6.046079,-50.870397,8.000000,-0.911608
6.224597,-51.126737,8.000000,-0.905657
6.374001,-51.375063,8.000000,-0.900125
6.487795,-51.608736,8.000000,-0.895096
6.559533,-51.821157,8.000000,-0.890653
6.586597,-52.008732,8.000000,-0.886835
6.572739,-52.172865,8.000000,-0.883599
6.522313,-52.315434,8.000000,-0.880897
6.439670,-52.438314,8.000000,-0.878682
6.329165,-52.543385,8.000000,-0.876905
6.195151,-52.632522,8.000000,-0.875517
6.041981,-52.707602,8.000000,-0.874471
5.874008,-52.770503,8.000000,-0.873718
5.695587,-52.823102,8.000000,-0.873210
5.511069,-52.867276,8.000000,-0.872899
5.324808,-52.904901,8.000000,-0.872737
5.141158,-52.937855,8.000000,-0.872675
4.964471,-52.968016,8.000000,-0.872665
4.798526,-52.996571,8.000000,-0.872665
4.644180,-53.021216,8.000000,-0.872665
4.501366,-53.038541,8.000000,-0.872665
4.370014,-53.045133,8.000000,-0.872665
4.250057,-53.037582,8.000000,-0.872665
4.141427,-53.012476,8.000000,-0.872665
4.044055,-52.966404,8.000000,-0.872665
3.957874,-52.895955,8.000000,-0.872665
3.882816,-52.797717,8.000000,-0.872665
3.818812,-52.668279,8.000000,-0.872665
3.765794,-52.504230,8.000000,-0.872665
3.723695,-52.302157,8.000000,-0.872665
3.692445,-52.058651,8.000000,-0.872665
3.671976,-51.770618,8.000000,-0.872665
3.662185,-51.441225,8.000000,-0.872665
3.662939,-51.079360,8.000000,-0.872665
3.674105,-50.694118,8.000000,-0.872665
3.695548,-50.294597,8.000000,-0.872665
3.727136,-49.889892,8.000000,-0.872665
3.768735,-49.489101,8.000000,-0.872665
3.820210,-49.101320,8.000000,-0.872665
3.881429,-48.735646,8.000000,-0.872665
3.952257,-48.401174,8.000000,-0.872665
4.032562,-48.107003,8.000000,-0.872665
4.122209,-47.862227,8.000000,-0.872665
4.221064,-47.675944,8.000000,-0.872665
4.328993,-47.557243,8.000000,-0.872665
4.444895,-47.511324,8.000000,-0.872665
4.565186,-47.533359,8.000000,-0.872665
4.685884,-47.616921,8.000000,-0.872665
4.803008,-47.755583,8.000000,-0.872665
4.912575,-47.942919,8.000000,-0.872665
5.010606,-48.172502,8.000000,-0.872665
5.093117,-48.437906,8.000000,-0.872665
5.156128,-48.732702,8.000000,-0.872665
5.195658,-49.050466,8.000000,-0.872665
5.207724,-49.384769,8.000000,-0.872665
5.188345,-49.729186,8.000000,-0.872665
5.133541,-50.077290,8.000000,-0.872665
5.039328,-50.422653,8.000000,-0.872665
4.902484,-50.759143,8.000000,-0.872668
4.726103,-51.083073,8.000000,-0.872705
4.516430,-51.391974,8.000000,-0.872821
4.279729,-51.683388,8.000000,-0.873061
4.022266,-51.954855,8.000000,-0.873468
3.750306,-52.203914,8.000000,-0.874088
3.470115,-52.428108,8.000000,-0.874965
3.187959,-52.624976,8.000000,-0.876144
2.910102,-52.792059,8.000000,-0.877670
2.642810,-52.926898,8.000000,-0.879586
2.392349,-53.027033,8.000000,-0.881939
2.164984,-53.090005,8.000000,-0.884772
1.966980,-53.113354,8.000000,-0.888130
1.804537,-53.094707,8.000000,-0.892057
1.680839,-53.035579,8.000000,-0.896573
1.594906,-52.942863,8.000000,-0.901664
1.545450,-52.823844,8.000000,-0.907315
1.531185,-52.685809,8.000000,-0.913510
1.550823,-52.536044,8.000000,-0.920233
1.603078,-52.381834,8.000000,-0.927467
1.686664,-52.230468,8.000000,-0.935197
1.800293,-52.089229,8.000000,-0.943407
1.942679,-51.965406,8.000000,-0.952081
2.112534,-51.866284,8.000000,-0.961203
2.308572,-51.799148,8.000000,-0.970756
2.529507,-51.771286,8.000000,-0.980726
2.774050,-51.789984,8.000000,-0.991095
3.040118,-51.860258,8.000000,-1.001850
3.322337,-51.977771,8.000000,-1.012981
3.614485,-52.135776,8.000000,-1.024481
3.910343,-52.327528,8.000000,-1.036342
4.203689,-52.546281,8.000000,-1.048555
4.488302,-52.785289,8.000000,-1.061115
4.757963,-53.037806,8.000000,-1.074012
5.006449,-53.297086,8.000000,-1.087239
5.227541,-53.556382,8.000000,-1.100789
5.415017,-53.808950,8.000000,-1.114654
5.562657,-54.048043,8.000000,-1.128825
5.664241,-54.266914,8.000000,-1.143296
5.713546,-54.458818,8.000000,-1.158059
5.704939,-54.617341,8.000000,-1.173103
5.641417,-54.740937,8.000000,-1.188380
5.532553,-54.831776,8.000000,-1.203814
5.388085,-54.892118,8.000000,-1.219325
5.217751,-54.924225,8.000000,-1.234837
5.031290,-54.930358,8.000000,-1.250271
4.838440,-54.912779,8.000000,-1.265549
4.648940,-54.873748,8.000000,-1.280594
4.472527,-54.815526,8.000000,-1.295327
4.318940,-54.740376,8.000000,-1.309671
4.197918,-54.650558,8.000000,-1.323547
4.119198,-54.548333,8.000000,-1.336879
4.092519,-54.435964,8.000000,-1.349587
4.127585,-54.315711,8.000000,-1.361595
4.228120,-54.190084,8.000000,-1.372854
4.385161,-54.062112,8.000000,-1.383380
4.588121,-53.934891,8.000000,-1.393197
4.826417,-53.811515,8.000000,-1.402329
5.089463,-53.695082,8.000000,-1.410799
5.366673,-53.588686,8.000000,-1.418631
5.647463,-53.495423,8.000000,-1.425849
5.921247,-53.418389,8.000000,-1.432477
6.177439,-53.360679,8.000000,-1.438539
6.405455,-53.325391,8.000000,-1.444058
6.594710,-53.315618,8.000000,-1.449058
6.734617,-53.334456,8.000000,-1.453563
6.814593,-53.385003,8.000000,-1.457596
6.825836,-53.469611,8.000000,-1.461188
6.771470,-53.585684,8.000000,-1.464405
6.659508,-53.728594,8.000000,-1.467329
6.497976,-53.893707,8.000000,-1.470043
6.294901,-54.076391,8.000000,-1.472629
6.058310,-54.272012,8.000000,-1.475168
5.796229,-54.475935,8.000000,-1.477745
5.516686,-54.683529,8.000000,-1.480440
5.227707,-54.890159,8.000000,-1.483337
4.937318,-55.091191,8.000000,-1.486517
4.653547,-55.281993,8.000000,-1.490063
4.384421,-55.457931,8.000000,-1.494057
4.137966,-55.614371,8.000000,-1.498581
3.922096,-55.746749,8.000000,-1.503716
3.741341,-55.852601,8.000000,-1.509452
3.596325,-55.931880,8.000000,-1.515679
3.487458,-55.984674,8.000000,-1.522284
3.415149,-56.011072,8.000000,-1.529151
3.379807,-56.011161,8.000000,-1.536164
3.381841,-55.985030,8.000000,-1.543209
3.421659,-55.932767,8.000000,-1.550170
3.499672,-55.854460,8.000000,-1.556933
3.616288,-55.750198,8.000000,-1.563382
3.771916,-55.620068,8.000000,-1.569401
3.966966,-55.464158,8.000000,-1.574877
4.201846,-55.282557,8.000000,-1.579694
4.476965,-55.075352,8.000000,-1.583736
4.791202,-54.843745,8.000000,-1.586920
5.138311,-54.592655,8.000000,-1.589270
5.510975,-54.327783,8.000000,-1.590828
5.901877,-54.054828,8.000000,-1.591639
6.303701,-53.779490,8.000000,-1.591749
6.709127,-53.507468,8.000000,-1.591201
7.110841,-53.244463,8.000000,-1.590041
7.501524,-52.996173,8.000000,-1.588312
7.873858,-52.768299,8.000000,-1.586058
8.220528,-52.566539,8.000000,-1.583326
8.534216,-52.396595,8.000000,-1.580158
8.807604,-52.264165,8.000000,-1.576600
9.033376,-52.174949,8.000000,-1.572696
9.204714,-52.134087,8.000000,-1.568490
9.320466,-52.140372,8.000000,-1.564013
9.383072,-52.188572,8.000000,-1.559293
9.395032,-52.273390,8.000000,-1.554355
9.358841,-52.389532,8.000000,-1.549225
9.276998,-52.531701,8.000000,-1.543928
9.152001,-52.694602,8.000000,-1.538490
8.986347,-52.872939,8.000000,-1.532938
8.782534,-53.061416,8.000000,-1.527296
8.543060,-53.254737,8.000000,-1.521591
8.270421,-53.447607,8.000000,-1.515849
7.967117,-53.634729,8.000000,-1.510095
7.635644,-53.810809,8.000000,-1.504355
7.278512,-53.970571,8.000000,-1.498655
6.899185,-54.110475,8.000000,-1.493056
6.502807,-54.230035,8.000000,-1.487680
6.094693,-54.329070,8.000000,-1.482655
5.680155,-54.407400,8.000000,-1.478109
5.264509,-54.464845,8.000000,-1.474170
4.853067,-54.501226,8.000000,-1.470966
4.451143,-54.516363,8.000000,-1.468625
4.064052,-54.510076,8.000000,-1.467275
3.697107,-54.482186,8.000000,-1.467044
3.355623,-54.432512,8.000000,-1.468060
3.044912,-54.360876,8.000000,-1.470451
2.770289,-54.267096,8.000000,-1.474345
2.537067,-54.150994,8.000000,-1.479870
2.349535,-54.012829,8.000000,-1.487120
2.206448,-53.855228,8.000000,-1.496003
2.104705,-53.681615,8.000000,-1.506368
2.041205,-53.495413,8.000000,-1.518061
2.012844,-53.300044,8.000000,-1.530930
2.016521,-53.098932,8.000000,-1.544821
2.049134,-52.895500,8.000000,-1.559582
2.107580,-52.693171,8.000000,-1.575059
2.188758,-52.495369,8.000000,-1.591101
2.289565,-52.305517,8.000000,-1.607554
2.406898,-52.127037,8.000000,-1.624265
2.537657,-51.963354,8.000000,-1.641082
2.678738,-51.817889,8.000000,-1.657851
2.827053,-51.693982,8.000000,-1.674425
2.979809,-51.593125,8.000000,-1.690746
3.134496,-51.515040,8.000000,-1.706850
3.288617,-51.459375,8.000000,-1.722772
3.439674,-51.425780,8.000000,-1.738550
3.585169,-51.413903,8.000000,-1.754222
3.722603,-51.423394,8.000000,-1.769823
3.849480,-51.453901,8.000000,-1.785391
3.963300,-51.505074,8.000000,-1.800964
4.061567,-51.576561,8.000000,-1.816578
4.141782,-51.668012,8.000000,-1.832271
4.201448,-51.779075,8.000000,-1.848079
4.238066,-51.909399,8.000000,-1.864040
4.249142,-52.058632,8.000000,-1.880190
4.234111,-52.225052,8.000000,-1.896517
4.197687,-52.403195,8.000000,-1.912869
4.145478,-52.586964,8.000000,-1.929073
4.083092,-52.770264,8.000000,-1.944954
4.016134,-52.946998,8.000000,-1.960339
3.950213,-53.111069,8.000000,-1.975054
3.890936,-53.256380,8.000000,-1.988925
3.843911,-53.376835,8.000000,-2.001777
3.814744,-53.466338,8.000000,-2.013438
3.809043,-53.518791,8.000000,-2.023732
3.832415,-53.528099,8.000000,-2.032486
3.890468,-53.488164,8.000000,-2.039525
3.988809,-53.392891,8.000000,-2.044677
4.132196,-53.237175,8.000000,-2.047788
4.317813,-53.024773,8.000000,-2.048895
4.538862,-52.764095,8.000000,-2.048133
4.788510,-52.463594,8.000000,-2.045639
5.059925,-52.131723,8.000000,-2.041551
5.346273,-51.776935,8.000000,-2.036005
5.640722,-51.407681,8.000000,-2.029137
5.936438,-51.032416,8.000000,-2.021085
6.226590,-50.659591,8.000000,-2.011986
6.504344,-50.297659,8.000000,-2.001975
6.762867,-49.955073,8.000000,-1.991191
6.995327,-49.640285,8.000000,-1.979770
7.194890,-49.361749,8.000000,-1.967848
7.354811,-49.127828,8.000000,-1.955562
7.472762,-48.942386,8.000000,-1.943021
7.552856,-48.802727,8.000000,-1.930295
7.599717,-48.705637,8.000000,-1.917450
7.617966,-48.647902,8.000000,-1.904553
7.612226,-48.626306,8.000000,-1.891671
7.587119,-48.637634,8.000000,-1.878869
7.547269,-48.678674,8.000000,-1.866215
7.497297,-48.746209,8.000000,-1.853774
7.441826,-48.837026,8.000000,-1.841614
7.385479,-48.947909,8.000000,-1.829801
7.332877,-49.075645,8.000000,-1.818402
7.288644,-49.217019,8.000000,-1.807483
7.257403,-49.368816,8.000000,-1.797110
7.242792,-49.528265,8.000000,-1.787344
7.244155,-49.694536,8.000000,-1.778218
7.259663,-49.867327,8.000000,-1.769758
7.287485,-50.046339,8.000000,-1.761990
7.325790,-50.231271,8.000000,-1.754938
7.372748,-50.421821,8.000000,-1.748629
7.426528,-50.617689,8.000000,-1.743089
7.485300,-50.818575,8.000000,-1.738343
7.547234,-51.024178,8.000000,-1.734416
7.610499,-51.234197,8.000000,-1.731335
7.673265,-51.448332,8.000000,-1.729125
7.733701,-51.666282,8.000000,-1.727812
7.789977,-51.887746,8.000000,-1.727422
7.840273,-52.112377,8.000000,-1.727973
7.882947,-52.339093,8.000000,-1.729368
7.916500,-52.566220,8.000000,-1.731418
7.939433,-52.792068,8.000000,-1.733933
7.950252,-53.014946,8.000000,-1.736720
7.947460,-53.233163,8.000000,-1.739589
7.929560,-53.445031,8.000000,-1.742347
7.895057,-53.648858,8.000000,-1.744804
7.842454,-53.842953,8.000000,-1.746767
7.770254,-54.025628,8.000000,-1.748046
7.676962,-54.195191,8.000000,-1.748448
7.561081,-54.349952,8.000000,-1.747782
7.421115,-54.488221,8.000000,-1.745858
7.255575,-54.608311,8.000000,-1.742483
7.064499,-54.709467,8.000000,-1.737555
6.851357,-54.793015,8.000000,-1.731166
6.620084,-54.860568,8.000000,-1.723437
6.374617,-54.913737,8.000000,-1.714487
6.118889,-54.954134,8.000000,-1.704437
5.856839,-54.983371,8.000000,-1.693406
5.592400,-55.003060,8.000000,-1.681514
5.329509,-55.014811,8.000000,-1.668882
5.072101,-55.020238,8.000000,-1.655629
4.824112,-55.020951,8.000000,-1.641875
4.589478,-55.018563,8.000000,-1.627740
4.372135,-55.014685,8.000000,-1.613344
4.176017,-55.010929,8.000000,-1.598808
4.004497,-55.008522,8.000000,-1.584240
3.856933,-55.005958,8.000000,-1.569678
3.730941,-55.000546,8.000000,-1.555126
3.624131,-54.989590,8.000000,-1.540589
3.534116,-54.970394,8.000000,-1.526071
3.458504,-54.940260,8.000000,-1.511579
3.394907,-54.896494,8.000000,-1.497115
3.340935,-54.836399,8.000000,-1.482686
3.294198,-54.757279,8.000000,-1.468295
3.252307,-54.656438,8.000000,-1.453948
3.212872,-54.531179,8.000000,-1.439650
3.173504,-54.378807,8.000000,-1.425405
3.131813,-54.196625,8.000000,-1.411217
3.085461,-53.982026,8.000000,-1.397093
3.033818,-53.735356,8.000000,-1.383046
2.978331,-53.460549,8.000000,-1.369106
2.920573,-53.161758,8.000000,-1.355301
2.862114,-52.843131,8.000000,-1.341658
2.804527,-52.508822,8.000000,-1.328207
2.749383,-52.162979,8.000000,-1.314975
2.698254,-51.809753,8.000000,-1.301993
2.652712,-51.453297,8.000000,-1.289287
2.614328,-51.097759,8.000000,-1.276886
2.584674,-50.747292,8.000000,-1.264819
2.565322,-50.406045,8.000000,-1.253115
2.557843,-50.078170,8.000000,-1.241801
2.563810,-49.767818,8.000000,-1.230907
2.584512,-49.478376,8.000000,-1.220477
2.620241,-49.210526,8.000000,-1.210615
2.671064,-48.964349,8.000000,-1.201438
2.737051,-48.739923,8.000000,-1.193062
2.818270,-48.537330,8.000000,-1.185604
2.914790,-48.356650,8.000000,-1.179181
3.026680,-48.197962,8.000000,-1.173910
3.154007,-48.061346,8.000000,-1.169907
3.296842,-47.946884,8.000000,-1.167289
3.455252,-47.854654,8.000000,-1.166173
3.629307,-47.784737,8.000000,-1.166675
3.819074,-47.737213,8.000000,-1.168913
4.024623,-47.712163,8.000000,-1.173002
4.245751,-47.709587,8.000000,-1.179041
4.478939,-47.728538,8.000000,-1.186901
4.718454,-47.767428,8.000000,-1.196299
4.958521,-47.824662,8.000000,-1.206950
5.193365,-47.898642,8.000000,-1.218571
5.417214,-47.987770,8.000000,-1.230876
5.624292,-48.090450,8.000000,-1.243581
5.808825,-48.205084,8.000000,-1.256402
5.965040,-48.330075,8.000000,-1.269052
6.087160,-48.463826,8.000000,-1.281249
6.169414,-48.604740,8.000000,-1.292707
6.206025,-48.751220,8.000000,-1.303142
6.191220,-48.901668,8.000000,-1.312268
6.119270,-49.054491,8.000000,-1.319803
5.989089,-49.208340,8.000000,-1.325616
5.808193,-49.362327,8.000000,-1.329857
5.585030,-49.515614,8.000000,-1.332706
5.328047,-49.667363,8.000000,-1.334344
5.045691,-49.816734,8.000000,-1.334952
4.746411,-49.962890,8.000000,-1.334711
4.438654,-50.104992,8.000000,-1.333801
4.130867,-50.242200,8.000000,-1.332402
3.831499,-50.373678,8.000000,-1.330697
3.548997,-50.498585,8.000000,-1.328864
3.291808,-50.616084,8.000000,-1.327086
3.068381,-50.725337,8.000000,-1.325543
2.887162,-50.825503,8.000000,-1.324414
2.755376,-50.915773,8.000000,-1.323866
2.673231,-50.995489,8.000000,-1.323970
2.638443,-51.064049,8.000000,-1.324767
2.648723,-51.120851,8.000000,-1.326294
2.701785,-51.165294,8.000000,-1.328593
2.795339,-51.196776,8.000000,-1.331703
2.927099,-51.214694,8.000000,-1.335663
3.094777,-51.218448,8.000000,-1.340513
3.296085,-51.207435,8.000000,-1.346292
3.528736,-51.181053,8.000000,-1.353040
3.790440,-51.138701,8.000000,-1.360796
4.078912,-51.079777,8.000000,-1.369601
4.391862,-51.003679,8.000000,-1.379493
4.726961,-50.909911,8.000000,-1.390507
5.080868,-50.800456,8.000000,-1.402545
5.449220,-50.679812,8.000000,-1.415376
5.827607,-50.552587,8.000000,-1.428761
6.211622,-50.423390,8.000000,-1.442465
6.596854,-50.296830,8.000000,-1.456249
6.978896,-50.177515,8.000000,-1.469877
7.353338,-50.070054,8.000000,-1.483111
7.715771,-49.979056,8.000000,-1.495714
8.061788,-49.909130,8.000000,-1.507448
8.386978,-49.864883,8.000000,-1.518077
8.686933,-49.850926,8.000000,-1.527364
8.957244,-49.871866,8.000000,-1.535070
9.193505,-49.932311,8.000000,-1.540959
9.392851,-50.034646,8.000000,-1.544900
9.556895,-50.174830,8.000000,-1.547067
9.688051,-50.347663,8.000000,-1.547692
9.788735,-50.547949,8.000000,-1.547005
9.861361,-50.770487,8.000000,-1.545236
9.908347,-51.010080,8.000000,-1.542617
9.932105,-51.261529,8.000000,-1.539377
9.935053,-51.519636,8.000000,-1.535747
9.919605,-51.779202,8.000000,-1.531957
9.888176,-52.035029,8.000000,-1.528239
9.843183,-52.281918,8.000000,-1.524822
9.787039,-52.514671,8.000000,-1.521938
9.722162,-52.728089,8.000000,-1.519816
9.650654,-52.917290,8.000000,-1.518659
9.571652,-53.080402,8.000000,-1.518404
9.482646,-53.217222,8.000000,-1.518838
9.381109,-53.327567,8.000000,-1.519747
9.264513,-53.411254,8.000000,-1.520919
9.130330,-53.468098,8.000000,-1.522139
8.976034,-53.497915,8.000000,-1.523194
8.799096,-53.500521,8.000000,-1.523870
8.596989,-53.475733,8.000000,-1.523955
8.367186,-53.423366,8.000000,-1.523234
8.107159,-53.343237,8.000000,-1.521493
7.814380,-53.235162,8.000000,-1.518520
7.486322,-53.098957,8.000000,-1.514100
7.120543,-52.934478,8.000000,-1.508023
6.719614,-52.743956,8.000000,-1.500224
6.293812,-52.533268,8.000000,-1.490859
5.854065,-52.308600,8.000000,-1.480108
5.411304,-52.076140,8.000000,-1.468147
4.976459,-51.842075,8.000000,-1.455154
4.560458,-51.612591,8.000000,-1.441306
4.174232,-51.393876,8.000000,-1.426781
3.828711,-51.192117,8.000000,-1.411756
3.534825,-51.013500,8.000000,-1.396408
3.303502,-50.864213,8.000000,-1.380915
3.145674,-50.750443,8.000000,-1.365455
3.072270,-50.678376,8.000000,-1.350204
3.094220,-50.654200,8.000000,-1.335340
3.218495,-50.682158,8.000000,-1.321000
3.433695,-50.757477,8.000000,-1.307138
3.723094,-50.872767,8.000000,-1.293650
4.069964,-51.020638,8.000000,-1.280434
4.457579,-51.193703,8.000000,-1.267390
4.869211,-51.384570,8.000000,-1.254416
5.288133,-51.585852,8.000000,-1.241409
5.697619,-51.790159,8.000000,-1.228267
6.080941,-51.990101,8.000000,-1.214890
6.421371,-52.178289,8.000000,-1.201174
6.702184,-52.347335,8.000000,-1.187019
6.906652,-52.489848,8.000000,-1.172323
7.018048,-52.598440,8.000000,-1.156983
7.020600,-52.666152,8.000000,-1.140907
6.915056,-52.693481,8.000000,-1.124142
6.716128,-52.687229,8.000000,-1.106855
6.438969,-52.654392,8.000000,-1.089218
6.098730,-52.601970,8.000000,-1.071403
5.710563,-52.536960,8.000000,-1.053581
5.289621,-52.466361,8.000000,-1.035923
4.851054,-52.397170,8.000000,-1.018600
4.410015,-52.336386,8.000000,-1.001785
3.981655,-52.291007,8.000000,-0.985647
3.581126,-52.268031,8.000000,-0.970360
3.223581,-52.274457,8.000000,-0.956093
2.924170,-52.317282,8.000000,-0.943019
2.698025,-52.403491,8.000000,-0.931308
2.554218,-52.536104,8.000000,-0.921069
2.487450,-52.708735,8.000000,-0.912261
2.490338,-52.913635,8.000000,-0.904821
2.555498,-53.143056,8.000000,-0.898687
2.675547,-53.389248,8.000000,-0.893796
2.843101,-53.644462,8.000000,-0.890085
3.050778,-53.900949,8.000000,-0.887492
3.291193,-54.150959,8.000000,-0.885954
3.556964,-54.386744,8.000000,-0.885409
3.840707,-54.600554,8.000000,-0.885794
4.135038,-54.784641,8.000000,-0.887047
4.432575,-54.931254,8.000000,-0.889104
4.725934,-55.032645,8.000000,-0.891903
5.008226,-55.081988,8.000000,-0.895379
5.276315,-55.079454,8.000000,-0.899445
5.528786,-55.028421,8.000000,-0.904003
5.764229,-54.932282,8.000000,-0.908957
5.981238,-54.794434,8.000000,-0.914208
6.178404,-54.618270,8.000000,-0.919661
6.354321,-54.407185,8.000000,-0.925217
6.507580,-54.164573,8.000000,-0.930780
6.636774,-53.893829,8.000000,-0.936252
6.740496,-53.598348,8.000000,-0.941536
6.817337,-53.281523,8.000000,-0.946535
6.865889,-52.946750,8.000000,-0.951152
6.884746,-52.597423,8.000000,-0.955290
6.872543,-52.236933,8.000000,-0.958852
6.829532,-51.868518,8.000000,-0.961789
6.758034,-51.495227,8.000000,-0.964109
6.660507,-51.120091,8.000000,-0.965824
6.539406,-50.746146,8.000000,-0.966947
6.397187,-50.376426,8.000000,-0.967491
6.236307,-50.013963,8.000000,-0.967467
6.059223,-49.661793,8.000000,-0.966888
5.868389,-49.322949,8.000000,-0.965767
5.666263,-49.000464,8.000000,-0.964115
5.455301,-48.697374,8.000000,-0.961946
5.237959,-48.416711,8.000000,-0.959271
5.016693,-48.161511,8.000000,-0.956103
4.793960,-47.934805,8.000000,-0.952454
4.572361,-47.739034,8.000000,-0.948364
4.355043,-47.574388,8.000000,-0.943973
4.145284,-47.440531,8.000000,-0.939447
3.946358,-47.337127,8.000000,-0.934950
3.761543,-47.263839,8.000000,-0.930648
3.594114,-47.220329,8.000000,-0.926704
3.447349,-47.206261,8.000000,-0.923283
3.324524,-47.221297,8.000000,-0.920552
3.228914,-47.265103,8.000000,-0.918674
3.163797,-47.337339,8.000000,-0.917814
3.132448,-47.437670,8.000000,-0.918137
3.138144,-47.565759,8.000000,-0.919808
3.184162,-47.721269,8.000000,-0.922991
3.273345,-47.903714,8.000000,-0.927839
3.402861,-48.110656,8.000000,-0.934320
3.565881,-48.338281,8.000000,-0.942277
3.755491,-48.582745,8.000000,-0.951549
3.964777,-48.840206,8.000000,-0.961977
4.186825,-49.106821,8.000000,-0.973399
4.414723,-49.378746,8.000000,-0.985654
4.641555,-49.652138,8.000000,-0.998584
4.860410,-49.923155,8.000000,-1.012026
5.064373,-50.187954,8.000000,-1.025821
5.246530,-50.442691,8.000000,-1.039809
5.399969,-50.683524,8.000000,-1.053828
5.517775,-50.906609,8.000000,-1.067718
5.593062,-51.108121,8.000000,-1.081319
5.622425,-51.286277,8.000000,-1.094510
5.609258,-51.443297,8.000000,-1.107243
5.557743,-51.581863,8.000000,-1.119479
5.472065,-51.704656,8.000000,-1.131179
5.356406,-51.814359,8.000000,-1.142307
5.214950,-51.913654,8.000000,-1.152821
5.051879,-52.005223,8.000000,-1.162686
4.871377,-52.091747,8.000000,-1.171860
4.677626,-52.175910,8.000000,-1.180307
4.474810,-52.260392,8.000000,-1.187987
4.267112,-52.347875,8.000000,-1.194863
4.058715,-52.441043,8.000000,-1.200894
3.853803,-52.542577,8.000000,-1.206044
3.656281,-52.654345,8.000000,-1.210281
3.468379,-52.773266,8.000000,-1.213625
3.291692,-52.894391,8.000000,-1.216114
3.127814,-53.012771,8.000000,-1.217786
2.978339,-53.123455,8.000000,-1.218681
2.844863,-53.221492,8.000000,-1.218836
2.728980,-53.301933,8.000000,-1.218289
2.632283,-53.359826,8.000000,-1.217080
2.556368,-53.390222,8.000000,-1.215245
2.502829,-53.388169,8.000000,-1.212824
2.473260,-53.348717,8.000000,-1.209855
2.469256,-53.266916,8.000000,-1.206376
2.492410,-53.137816,8.000000,-1.202426
2.544258,-52.956712,8.000000,-1.198045
2.624760,-52.725280,8.000000,-1.193350
2.732201,-52.452002,8.000000,-1.188537
2.864782,-52.145692,8.000000,-1.183807
3.020706,-51.815162,8.000000,-1.179358
3.198176,-51.469228,8.000000,-1.175392
3.395395,-51.116701,8.000000,-1.172108
3.610563,-50.766396,8.000000,-1.169706
3.841885,-50.427126,8.000000,-1.168386
4.087562,-50.107704,8.000000,-1.168349
4.345797,-49.816944,8.000000,-1.169794
4.614792,-49.563659,8.000000,-1.172922
4.892750,-49.356663,8.000000,-1.177932
5.177872,-49.204768,8.000000,-1.185025
5.467823,-49.113956,8.000000,-1.194284
5.758608,-49.081531,8.000000,-1.205435
6.045922,-49.103135,8.000000,-1.218138
6.325455,-49.174414,8.000000,-1.232049
6.592899,-49.291012,8.000000,-1.246828
6.843946,-49.448572,8.000000,-1.262133
7.074289,-49.642738,8.000000,-1.277622
7.279618,-49.869155,8.000000,-1.292954
7.455626,-50.123467,8.000000,-1.307786
7.598005,-50.401318,8.000000,-1.321777
7.702446,-50.698351,8.000000,-1.334585
7.764642,-51.010211,8.000000,-1.345869
7.780285,-51.332542,8.000000,-1.355287
7.745685,-51.660957,8.000000,-1.362527
7.663492,-51.990744,8.000000,-1.367593
7.540061,-52.317002,8.000000,-1.370668
7.381794,-52.634830,8.000000,-1.371942
7.195095,-52.939323,8.000000,-1.371601
6.986364,-53.225580,8.000000,-1.369833
6.762007,-53.488697,8.000000,-1.366826
6.528424,-53.723772,8.000000,-1.362768
6.292018,-53.925902,8.000000,-1.357846
6.059192,-54.090183,8.000000,-1.352248
5.836348,-54.211713,8.000000,-1.346161
5.629890,-54.285590,8.000000,-1.339773
5.446219,-54.306909,8.000000,-1.333273
5.291691,-54.270831,8.000000,-1.326845
5.169427,-54.176661,8.000000,-1.320573
5.077316,-54.030429,8.000000,-1.314375
5.012764,-53.838778,8.000000,-1.308152
4.973182,-53.608348,8.000000,-1.301805
4.955976,-53.345783,8.000000,-1.295237
4.958557,-53.057724,8.000000,-1.288349
4.978332,-52.750815,8.000000,-1.281042
5.012710,-52.431696,8.000000,-1.273219
5.059099,-52.107011,8.000000,-1.264780
5.114909,-51.783402,8.000000,-1.255629
5.177547,-51.467510,8.000000,-1.245666
5.244423,-51.165979,8.000000,-1.234793
5.312944,-50.885450,8.000000,-1.222912
5.380900,-50.631552,8.000000,-1.209973
5.447952,-50.404915,8.000000,-1.196162
5.514336,-50.204633,8.000000,-1.181741
5.580291,-50.029801,8.000000,-1.166969
5.646053,-49.879512,8.000000,-1.152106
5.711861,-49.752861,8.000000,-1.137413
5.777950,-49.648940,8.000000,-1.123149
5.844560,-49.566845,8.000000,-1.109576
5.911926,-49.505669,8.000000,-1.096952
5.980286,-49.464505,8.000000,-1.085539
6.049878,-49.442448,8.000000,-1.075596
6.120939,-49.438592,8.000000,-1.067384
6.193707,-49.452031,8.000000,-1.061163
6.268400,-49.481844,8.000000,-1.057182
6.344906,-49.526871,8.000000,-1.055489
6.422814,-49.585730,8.000000,-1.055956
6.501706,-49.657033,8.000000,-1.058444
6.581161,-49.739395,8.000000,-1.062817
6.660759,-49.831426,8.000000,-1.068939
6.740081,-49.931739,8.000000,-1.076673
6.818705,-50.038947,8.000000,-1.085882
6.896213,-50.151662,8.000000,-1.096429
6.972184,-50.268497,8.000000,-1.108179
7.046199,-50.388063,8.000000,-1.120994
7.117837,-50.508974,8.000000,-1.134738
7.186678,-50.629842,8.000000,-1.149274
7.252303,-50.749281,8.000000,-1.164465
7.314242,-50.866610,8.000000,-1.180140
7.371900,-50.982916,8.000000,-1.196039
7.424665,-51.099559,8.000000,-1.211889
7.471924,-51.217900,8.000000,-1.227416
7.513064,-51.339298,8.000000,-1.242348
7.547471,-51.465115,8.000000,-1.256410
7.574533,-51.596709,8.000000,-1.269331
7.593637,-51.735442,8.000000,-1.280836
7.604169,-51.882674,8.000000,-1.290652
7.605516,-52.039764,8.000000,-1.298506
7.597066,-52.208073,8.000000,-1.304126
7.578205,-52.388961,8.000000,-1.307236
7.548320,-52.583788,8.000000,-1.307566
7.506963,-52.793589,8.000000,-1.304888
7.455018,-53.016752,8.000000,-1.299373
7.394014,-53.250389,8.000000,-1.291378
7.325483,-53.491604,8.000000,-1.281263
7.250960,-53.737497,8.000000,-1.269388
7.171978,-53.985172,8.000000,-1.256112
7.090068,-54.231732,8.000000,-1.241795
7.006766,-54.474279,8.000000,-1.226796
6.923603,-54.709914,8.000000,-1.211476
6.842113,-54.935742,8.000000,-1.196193
6.763830,-55.148865,8.000000,-1.181308
6.690285,-55.346384,8.000000,-1.167179
6.623014,-55.525403,8.000000,-1.154168
6.563527,-55.683069,8.000000,-1.142628
6.512451,-55.818405,8.000000,-1.132718
6.469215,-55.932965,8.000000,-1.124329
6.433168,-56.028479,8.000000,-1.117335
6.403654,-56.106680,8.000000,-1.111608
6.380022,-56.169298,8.000000,-1.107023
6.361617,-56.218065,8.000000,-1.103452
6.347786,-56.254713,8.000000,-1.100768
6.337876,-56.280972,8.000000,-1.098845
6.331233,-56.298574,8.000000,-1.097557
6.327203,-56.309251,8.000000,-1.096775
6.325134,-56.314734,8.000000,-1.096373
6.324372,-56.316754,8.000000,-1.096225
6.324263,-56.317042,8.000000,-1.096204
