13.351597,27.161636,8.000000,-2.356194
13.351635,27.161640,8.000000,-2.356203
13.351899,27.161669,8.000000,-2.356262
13.352615,27.161747,8.000000,-2.356423
13.354010,27.161900,8.000000,-2.356736
13.356309,27.162151,8.000000,-2.357252
13.359740,27.162527,8.000000,-2.358022
13.364527,27.163050,8.000000,-2.359097
13.370898,27.163748,8.000000,-2.360527
13.379078,27.164643,8.000000,-2.362363
13.389293,27.165761,8.000000,-2.364656
13.401770,27.167126,8.000000,-2.367456
13.416736,27.168763,8.000000,-2.370816
13.434415,27.170698,8.000000,-2.374784
13.455034,27.172954,8.000000,-2.379412
13.478820,27.175557,8.000000,-2.384751
13.505999,27.178531,8.000000,-2.390852
13.536796,27.181901,8.000000,-2.397765
13.571432,27.185691,8.000000,-2.405540
13.609750,27.189869,8.000000,-2.414167
13.651034,27.194324,8.000000,-2.423550
13.694522,27.198935,8.000000,-2.433583
13.739452,27.203582,8.000000,-2.444162
13.785061,27.208147,8.000000,-2.455181
13.830586,27.212510,8.000000,-2.466536
13.875266,27.216551,8.000000,-2.478123
13.918338,27.220150,8.000000,-2.489835
13.959040,27.223189,8.000000,-2.501570
13.996610,27.225547,8.000000,-2.513221
14.030284,27.227105,8.000000,-2.524684
14.059301,27.227743,8.000000,-2.535855
14.082898,27.227342,8.000000,-2.546628
14.100313,27.225783,8.000000,-2.556898
14.110784,27.222945,8.000000,-2.566562
14.113548,27.218710,8.000000,-2.575513
14.107843,27.212957,8.000000,-2.583648
14.092987,27.205561,8.000000,-2.590872
14.069153,27.196328,8.000000,-2.597203
14.037029,27.185025,8.000000,-2.602726
13.997307,27.171416,8.000000,-2.607529
13.950681,27.155267,8.000000,-2.611697
13.897845,27.136344,8.000000,-2.615318
13.839493,27.114413,8.000000,-2.618476
13.776318,27.089237,8.000000,-2.621260
13.709014,27.060584,8.000000,-2.623755
13.638274,27.028218,8.000000,-2.626048
13.564793,26.991905,8.000000,-2.628225
13.489263,26.951411,8.000000,-2.630372
13.412379,26.906500,8.000000,-2.632577
13.334833,26.856938,8.000000,-2.634926
13.257321,26.802491,8.000000,-2.637504
13.180535,26.742924,8.000000,-2.640399
13.105169,26.678003,8.000000,-2.643697
13.031917,26.607492,8.000000,-2.647484
12.961252,26.531336,8.000000,-2.651810
12.892867,26.450112,8.000000,-2.656599
12.826281,26.364537,8.000000,-2.661744
12.761012,26.275327,8.000000,-2.667138
12.696579,26.183201,8.000000,-2.672675
12.632501,26.088876,8.000000,-2.678250
12.568297,25.993068,8.000000,-2.683756
12.503486,25.896496,8.000000,-2.689086
12.437587,25.799876,8.000000,-2.694135
12.370119,25.703927,8.000000,-2.698797
12.300599,25.609364,8.000000,-2.702964
12.228548,25.516906,8.000000,-2.706532
12.153484,25.427270,8.000000,-2.709394
12.074927,25.341173,8.000000,-2.711443
11.992394,25.259332,8.000000,-2.712573
11.905404,25.182465,8.000000,-2.712679
11.813477,25.111289,8.000000,-2.711654
11.716153,25.046505,8.000000,-2.709394
11.613872,24.988138,8.000000,-2.705875
11.508285,24.935301,8.000000,-2.701182
11.401131,24.887042,8.000000,-2.695407
11.294146,24.842410,8.000000,-2.688644
11.189070,24.800453,8.000000,-2.680984
11.087640,24.760219,8.000000,-2.672520
10.991592,24.720757,8.000000,-2.663346
10.902666,24.681116,8.000000,-2.653553
10.822599,24.640343,8.000000,-2.643233
10.753127,24.597488,8.000000,-2.632481
10.695991,24.551599,8.000000,-2.621387
10.652926,24.501724,8.000000,-2.610046
10.625670,24.446912,8.000000,-2.598548
10.615962,24.386211,8.000000,-2.586987
10.625539,24.318670,8.000000,-2.575456
10.656139,24.243337,8.000000,-2.564047
10.709499,24.159261,8.000000,-2.552852
10.787115,24.065719,8.000000,-2.541961
10.888239,23.964105,8.000000,-2.531427
11.010915,23.856953,8.000000,-2.521286
11.153175,23.746811,8.000000,-2.511575
11.313050,23.636225,8.000000,-2.502327
11.488571,23.527742,8.000000,-2.493578
11.677771,23.423908,8.000000,-2.485364
11.878680,23.327269,8.000000,-2.477721
12.089330,23.240372,8.000000,-2.470683
12.307753,23.165763,8.000000,-2.464286
12.531980,23.105990,8.000000,-2.458565
12.760043,23.063597,8.000000,-2.453556
12.989973,23.041133,8.000000,-2.449295
13.219802,23.041144,8.000000,-2.445816
13.447561,23.066175,8.000000,-2.443155
13.671282,23.118774,8.000000,-2.441347
13.888996,23.201487,8.000000,-2.440428
14.098736,23.316860,8.000000,-2.440433
14.299044,23.466063,8.000000,-2.441369
14.490084,23.645922,8.000000,-2.443153
14.672336,23.852406,8.000000,-2.445684
14.846280,24.081485,8.000000,-2.448862
15.012398,24.329127,8.000000,-2.452584
15.171171,24.591304,8.000000,-2.456752
15.323078,24.863983,8.000000,-2.461263
15.468601,25.143136,8.000000,-2.466016
15.608221,25.424730,8.000000,-2.470912
15.742418,25.704736,8.000000,-2.475849
15.871673,25.979124,8.000000,-2.480726
15.996467,26.243862,8.000000,-2.485443
16.117281,26.494921,8.000000,-2.489898
16.234595,26.728270,8.000000,-2.493991
16.348891,26.939878,8.000000,-2.497621
16.460648,27.125715,8.000000,-2.500687
16.570349,27.281750,8.000000,-2.503088
16.678453,27.404041,8.000000,-2.504726
16.784772,27.491593,8.000000,-2.505598
16.888326,27.546988,8.000000,-2.505811
16.988088,27.573026,8.000000,-2.505484
17.083030,27.572504,8.000000,-2.504731
17.172124,27.548223,8.000000,-2.503671
17.254343,27.502980,8.000000,-2.502418
17.328661,27.439575,8.000000,-2.501090
17.394049,27.360805,8.000000,-2.499802
17.449480,27.269470,8.000000,-2.498672
17.493927,27.168368,8.000000,-2.497816
17.526363,27.060299,8.000000,-2.497349
17.545759,26.948060,8.000000,-2.497390
17.551089,26.834451,8.000000,-2.498053
17.541326,26.722270,8.000000,-2.499455
17.515441,26.614316,8.000000,-2.501713
17.472407,26.513388,8.000000,-2.504943
17.411198,26.422284,8.000000,-2.509262
17.331064,26.343584,8.000000,-2.514766
17.233514,26.278092,8.000000,-2.521392
17.121148,26.225754,8.000000,-2.528998
16.996571,26.186511,8.000000,-2.537445
16.862393,26.160301,8.000000,-2.546589
16.721220,26.147065,8.000000,-2.556291
16.575659,26.146744,8.000000,-2.566409
16.428318,26.159276,8.000000,-2.576802
16.281803,26.184602,8.000000,-2.587327
16.138722,26.222662,8.000000,-2.597845
16.001683,26.273395,8.000000,-2.608213
15.873291,26.336743,8.000000,-2.618290
15.756155,26.412644,8.000000,-2.627936
15.652882,26.501039,8.000000,-2.637008
15.566079,26.601867,8.000000,-2.645366
15.498353,26.715069,8.000000,-2.652868
15.452312,26.840585,8.000000,-2.659372
15.430560,26.978354,8.000000,-2.664739
15.434186,27.127735,8.000000,-2.668890
15.460009,27.286460,8.000000,-2.671933
15.504106,27.451975,8.000000,-2.674006
15.562550,27.621725,8.000000,-2.675246
15.631417,27.793157,8.000000,-2.675791
15.706782,27.963717,8.000000,-2.675779
15.784721,28.130852,8.000000,-2.675348
15.861307,28.292006,8.000000,-2.674637
15.932616,28.444627,8.000000,-2.673783
15.994724,28.586161,8.000000,-2.672924
16.043705,28.714054,8.000000,-2.672198
16.075634,28.825752,8.000000,-2.671744
16.086586,28.918700,8.000000,-2.671698
16.072637,28.990346,8.000000,-2.672199
16.029861,29.038136,8.000000,-2.673386
15.954334,29.059515,8.000000,-2.675395
15.842131,29.051930,8.000000,-2.678365
15.689466,29.012927,8.000000,-2.682429
15.496370,28.942792,8.000000,-2.687585
15.267051,28.844806,8.000000,-2.693684
15.005926,28.722404,8.000000,-2.700568
14.717416,28.579021,8.000000,-2.708081
14.405939,28.418092,8.000000,-2.716065
14.075914,28.243051,8.000000,-2.724364
13.731762,28.057334,8.000000,-2.732820
13.377901,27.864374,8.000000,-2.741277
13.018750,27.667606,8.000000,-2.749577
12.658729,27.470465,8.000000,-2.757564
12.302256,27.276387,8.000000,-2.765079
11.953752,27.088804,8.000000,-2.771968
11.617634,26.911153,8.000000,-2.778071
11.298324,26.746868,8.000000,-2.783233
11.000239,26.599384,8.000000,-2.787296
10.727798,26.472135,8.000000,-2.790104
10.485422,26.368556,8.000000,-2.791498
10.276948,26.291522,8.000000,-2.791351
10.102081,26.239928,8.000000,-2.789730
9.958731,26.210944,8.000000,-2.786790
9.844805,26.201730,8.000000,-2.782685
9.758206,26.209451,8.000000,-2.777570
9.696840,26.231267,8.000000,-2.771599
9.658611,26.264342,8.000000,-2.764928
9.641423,26.305837,8.000000,-2.757709
9.643183,26.352914,8.000000,-2.750099
9.661793,26.402736,8.000000,-2.742251
9.695160,26.452466,8.000000,-2.734320
9.741187,26.499264,8.000000,-2.726460
9.797780,26.540294,8.000000,-2.718827
9.862843,26.572718,8.000000,-2.711574
9.934281,26.593698,8.000000,-2.704857
10.009998,26.600396,8.000000,-2.698829
10.087900,26.589975,8.000000,-2.693646
10.165892,26.559600,8.000000,-2.689461
10.242451,26.507616,8.000000,-2.686365
10.317482,26.435336,8.000000,-2.684287
10.391113,26.344528,8.000000,-2.683130
10.463471,26.236960,8.000000,-2.682799
10.534682,26.114400,8.000000,-2.683197
10.604873,25.978618,8.000000,-2.684228
10.674171,25.831381,8.000000,-2.685797
10.742704,25.674458,8.000000,-2.687807
10.810597,25.509618,8.000000,-2.690162
10.877978,25.338629,8.000000,-2.692766
10.944974,25.163259,8.000000,-2.695523
11.011711,24.985278,8.000000,-2.698337
11.078317,24.806453,8.000000,-2.701112
11.144918,24.628553,8.000000,-2.703751
11.211641,24.453347,8.000000,-2.706160
11.278614,24.282603,8.000000,-2.708241
11.345962,24.118090,8.000000,-2.709898
11.413806,23.961549,8.000000,-2.711040
11.482096,23.814148,8.000000,-2.711660
11.550613,23.676480,8.000000,-2.711834
11.619134,23.549116,8.000000,-2.711646
11.687434,23.432628,8.000000,-2.711174
11.755290,23.327587,8.000000,-2.710502
11.822475,23.234563,8.000000,-2.709711
11.888767,23.154127,8.000000,-2.708880
11.953941,23.086850,8.000000,-2.708093
12.017772,23.033303,8.000000,-2.707429
12.080035,22.994056,8.000000,-2.706970
12.140508,22.969682,8.000000,-2.706799
12.198964,22.960750,8.000000,-2.706994
12.255181,22.967832,8.000000,-2.707639
12.308932,22.991498,8.000000,-2.708814
12.359995,23.032319,8.000000,-2.710601
12.408144,23.090867,8.000000,-2.713080
12.453156,23.167712,8.000000,-2.716333
12.494957,23.263167,8.000000,-2.720420
12.534425,23.375933,8.000000,-2.725263
12.572807,23.504081,8.000000,-2.730734
12.611351,23.645684,8.000000,-2.736703
12.651305,23.798813,8.000000,-2.743039
12.693914,23.961541,8.000000,-2.749614
12.740428,24.131939,8.000000,-2.756298
12.792093,24.308079,8.000000,-2.762961
12.850157,24.488034,8.000000,-2.769474
12.915868,24.669874,8.000000,-2.775706
12.990472,24.851672,8.000000,-2.781529
13.075218,25.031499,8.000000,-2.786813
13.171352,25.207428,8.000000,-2.791428
13.280123,25.377530,8.000000,-2.795245
13.402777,25.539878,8.000000,-2.798133
13.540563,25.692542,8.000000,-2.799963
13.694727,25.833596,8.000000,-2.800607
13.866512,25.961114,8.000000,-2.799933
14.056074,26.074143,8.000000,-2.797899
14.261134,26.173900,8.000000,-2.794651
14.479080,26.261901,8.000000,-2.790363
14.707298,26.339659,8.000000,-2.785206
14.943178,26.408689,8.000000,-2.779354
15.184108,26.470506,8.000000,-2.772980
15.427475,26.526623,8.000000,-2.766257
15.670668,26.578555,8.000000,-2.759358
15.911074,26.627817,8.000000,-2.752455
16.146082,26.675922,8.000000,-2.745722
16.373080,26.724387,8.000000,-2.739331
16.589455,26.774723,8.000000,-2.733456
16.792596,26.828447,8.000000,-2.728268
16.979891,26.887073,8.000000,-2.723942
17.148728,26.952114,8.000000,-2.720650
17.296494,27.025086,8.000000,-2.718565
17.420579,27.107503,8.000000,-2.717859
17.518477,27.200798,8.000000,-2.718697
17.589702,27.304883,8.000000,-2.721053
17.635563,27.418316,8.000000,-2.724737
17.657436,27.539607,8.000000,-2.729552
17.656691,27.667266,8.000000,-2.735301
17.634703,27.799802,8.000000,-2.741788
17.592844,27.935727,8.000000,-2.748817
17.532488,28.073549,8.000000,-2.756190
17.455008,28.211780,8.000000,-2.763710
17.361777,28.348930,8.000000,-2.771182
17.254167,28.483507,8.000000,-2.778409
17.133553,28.614023,8.000000,-2.785193
17.001306,28.738988,8.000000,-2.791339
16.858801,28.856912,8.000000,-2.796649
16.707410,28.966304,8.000000,-2.800927
16.548506,29.065675,8.000000,-2.803976
16.383463,29.153535,8.000000,-2.805600
16.213653,29.228394,8.000000,-2.805602
16.040514,29.289066,8.000000,-2.803823
15.865843,29.336054,8.000000,-2.800313
15.691561,29.370445,8.000000,-2.795195
15.519588,29.393325,8.000000,-2.788591
15.351846,29.405782,8.000000,-2.780625
15.190255,29.408903,8.000000,-2.771419
15.036736,29.403774,8.000000,-2.761096
14.893210,29.391484,8.000000,-2.749778
14.761597,29.373118,8.000000,-2.737588
14.643819,29.349764,8.000000,-2.724649
14.541797,29.322509,8.000000,-2.711083
14.457451,29.292440,8.000000,-2.697014
14.392702,29.260644,8.000000,-2.682564
14.349471,29.228208,8.000000,-2.667855
14.329679,29.196219,8.000000,-2.653010
14.335246,29.165764,8.000000,-2.638153
14.368095,29.137930,8.000000,-2.623405
14.430132,29.113801,8.000000,-2.608889
14.521604,29.093927,8.000000,-2.594683
14.639412,29.077786,8.000000,-2.580771
14.780058,29.064731,8.000000,-2.567131
14.940043,29.054113,8.000000,-2.553737
15.115870,29.045282,8.000000,-2.540564
15.304039,29.037591,8.000000,-2.527589
15.501053,29.030390,8.000000,-2.514785
15.703413,29.023031,8.000000,-2.502129
15.907620,29.014864,8.000000,-2.489596
16.110177,29.005242,8.000000,-2.477162
16.307585,28.993516,8.000000,-2.464801
16.496346,28.979036,8.000000,-2.452489
16.672961,28.961155,8.000000,-2.440202
16.833932,28.939223,8.000000,-2.427914
16.975760,28.912591,8.000000,-2.415602
17.094948,28.880611,8.000000,-2.403240
17.187997,28.842635,8.000000,-2.390804
17.251613,28.798038,8.000000,-2.378271
17.285761,28.746604,8.000000,-2.365649
17.293023,28.688441,8.000000,-2.352973
17.276053,28.623668,8.000000,-2.340275
17.237505,28.552403,8.000000,-2.327590
17.180035,28.474762,8.000000,-2.314952
17.106298,28.390866,8.000000,-2.302394
17.018947,28.300830,8.000000,-2.289951
16.920638,28.204773,8.000000,-2.277657
16.814026,28.102814,8.000000,-2.265545
16.701765,27.995070,8.000000,-2.253650
16.586510,27.881659,8.000000,-2.242006
16.470916,27.762699,8.000000,-2.230646
16.357637,27.638307,8.000000,-2.219605
16.249328,27.508603,8.000000,-2.208916
16.148644,27.373704,8.000000,-2.198614
16.058240,27.233727,8.000000,-2.188732
15.980771,27.088791,8.000000,-2.179305
15.918340,26.939199,8.000000,-2.170354
15.870341,26.786160,8.000000,-2.161839
15.835334,26.631165,8.000000,-2.153704
15.811878,26.475704,8.000000,-2.145889
15.798531,26.321268,8.000000,-2.138338
15.793854,26.169346,8.000000,-2.130991
15.796406,26.021428,8.000000,-2.123792
15.804745,25.879006,8.000000,-2.116682
15.817432,25.743568,8.000000,-2.109603
15.833025,25.616606,8.000000,-2.102497
15.850083,25.499609,8.000000,-2.095307
15.867167,25.394067,8.000000,-2.087973
15.882834,25.301472,8.000000,-2.080440
15.895646,25.223312,8.000000,-2.072647
15.904159,25.161078,8.000000,-2.064538
15.906935,25.116260,8.000000,-2.056055
15.902532,25.090349,8.000000,-2.047139
15.889519,25.084819,8.000000,-2.037734
15.867329,25.099732,8.000000,-2.027826
15.836959,25.132600,8.000000,-2.017487
15.799567,25.180668,8.000000,-2.006793
15.756312,25.241183,8.000000,-1.995825
15.708352,25.311389,8.000000,-1.984660
15.656847,25.388531,8.000000,-1.973377
15.602955,25.469856,8.000000,-1.962054
15.547835,25.552607,8.000000,-1.950770
15.492645,25.634031,8.000000,-1.939603
15.438545,25.711373,8.000000,-1.928631
15.386694,25.781878,8.000000,-1.917934
15.338249,25.842792,8.000000,-1.907590
15.294370,25.891359,8.000000,-1.897676
15.256217,25.924826,8.000000,-1.888272
15.224946,25.940437,8.000000,-1.879455
15.201718,25.935438,8.000000,-1.871306
15.187691,25.907074,8.000000,-1.863901
15.183923,25.852841,8.000000,-1.857315
15.190094,25.773644,8.000000,-1.851571
15.204889,25.672854,8.000000,-1.846651
15.226972,25.553898,8.000000,-1.842539
15.255003,25.420203,8.000000,-1.839217
15.287646,25.275193,8.000000,-1.836667
15.323564,25.122297,8.000000,-1.834872
15.361419,24.964939,8.000000,-1.833816
15.399873,24.806547,8.000000,-1.833479
15.437589,24.650547,8.000000,-1.833846
15.473230,24.500364,8.000000,-1.834899
15.505459,24.359425,8.000000,-1.836620
15.532937,24.231157,8.000000,-1.838993
15.554327,24.118986,8.000000,-1.841999
15.568292,24.026338,8.000000,-1.845621
15.573495,23.956639,8.000000,-1.849842
15.568598,23.913315,8.000000,-1.854645
15.552264,23.899794,8.000000,-1.860013
15.523646,23.918445,8.000000,-1.865928
15.484047,23.967023,8.000000,-1.872380
15.435357,24.042018,8.000000,-1.879360
15.379465,24.139925,8.000000,-1.886856
15.318262,24.257234,8.000000,-1.894861
15.253636,24.390438,8.000000,-1.903363
15.187478,24.536030,8.000000,-1.912352
15.121677,24.690500,8.000000,-1.921820
15.058124,24.850342,8.000000,-1.931757
14.998707,25.012047,8.000000,-1.942152
14.945316,25.172109,8.000000,-1.952995
14.899842,25.327017,8.000000,-1.964278
14.864173,25.473266,8.000000,-1.975990
14.840200,25.607347,8.000000,-1.988121
14.829813,25.725752,8.000000,-2.000662
14.834900,25.824974,8.000000,-2.013602
14.857352,25.901504,8.000000,-2.026933
14.899036,25.951868,8.000000,-2.040643
14.960326,25.974819,8.000000,-2.054685
15.039170,25.972721,8.000000,-2.068948
15.133300,25.948269,8.000000,-2.083319
15.240443,25.904155,8.000000,-2.097682
15.358329,25.843074,8.000000,-2.111921
15.484687,25.767719,8.000000,-2.125923
15.617248,25.680785,8.000000,-2.139571
15.753740,25.584964,8.000000,-2.152751
15.891892,25.482951,8.000000,-2.165347
16.029433,25.377439,8.000000,-2.177246
16.164094,25.271123,8.000000,-2.188331
16.293603,25.166694,8.000000,-2.198487
16.415690,25.066849,8.000000,-2.207600
16.528083,24.974279,8.000000,-2.215555
16.628513,24.891680,8.000000,-2.222236
16.714708,24.821744,8.000000,-2.227528
16.784398,24.767166,8.000000,-2.231317
16.835470,24.730392,8.000000,-2.233496
16.867671,24.710978,8.000000,-2.234074
16.881957,24.706591,8.000000,-2.233131
16.879304,24.714870,8.000000,-2.230750
16.860691,24.733452,8.000000,-2.227011
16.827094,24.759974,8.000000,-2.221998
16.779490,24.792075,8.000000,-2.215792
16.718856,24.827390,8.000000,-2.208476
16.646169,24.863558,8.000000,-2.200132
16.562407,24.898217,8.000000,-2.190841
16.468546,24.929003,8.000000,-2.180686
16.365563,24.953554,8.000000,-2.169749
16.254436,24.969508,8.000000,-2.158112
16.136142,24.974502,8.000000,-2.145857
16.011657,24.966173,8.000000,-2.133066
15.881958,24.942159,8.000000,-2.119822
15.748024,24.900097,8.000000,-2.106206
15.610830,24.837626,8.000000,-2.092300
15.471295,24.753179,8.000000,-2.078189
15.330109,24.648294,8.000000,-2.063973
15.187907,24.525260,8.000000,-2.049750
15.045324,24.386365,8.000000,-2.035623
14.902995,24.233896,8.000000,-2.021691
14.761554,24.070144,8.000000,-2.008056
14.621636,23.897396,8.000000,-1.994818
14.483876,23.717941,8.000000,-1.982078
14.348908,23.534067,8.000000,-1.969937
14.217368,23.348063,8.000000,-1.958496
14.089891,23.162218,8.000000,-1.947856
13.967110,22.978820,8.000000,-1.938116
13.849661,22.800157,8.000000,-1.929379
13.738179,22.628518,8.000000,-1.921744
13.633298,22.466192,8.000000,-1.915313
13.535653,22.315467,8.000000,-1.910186
13.445879,22.178632,8.000000,-1.906465
13.364607,22.057957,8.000000,-1.904248
13.292254,21.954795,8.000000,-1.903559
13.228929,21.869162,8.000000,-1.904311
13.174714,21.800966,8.000000,-1.906409
13.129692,21.750118,8.000000,-1.909757
13.093947,21.716527,8.000000,-1.914261
13.067562,21.700102,8.000000,-1.919824
13.050620,21.700754,8.000000,-1.926351
13.043204,21.718392,8.000000,-1.933746
13.045398,21.752926,8.000000,-1.941915
13.057284,21.804264,8.000000,-1.950761
13.078947,21.872317,8.000000,-1.960189
13.110469,21.956994,8.000000,-1.970105
13.151933,22.058206,8.000000,-1.980411
13.203423,22.175860,8.000000,-1.991014
13.265021,22.309868,8.000000,-2.001817
13.336811,22.460138,8.000000,-2.012724
13.418877,22.626580,8.000000,-2.023642
13.511210,22.809032,8.000000,-2.034479
13.612869,23.006590,8.000000,-2.045205
13.722367,23.217916,8.000000,-2.055825
13.838213,23.441669,8.000000,-2.066342
13.958911,23.676506,8.000000,-2.076760
14.082968,23.921084,8.000000,-2.087086
14.208892,24.174062,8.000000,-2.097321
14.335188,24.434096,8.000000,-2.107472
14.460363,24.699845,8.000000,-2.117542
14.582925,24.969967,8.000000,-2.127535
14.701378,25.243117,8.000000,-2.137457
14.814230,25.517955,8.000000,-2.147311
14.919988,25.793138,8.000000,-2.157102
15.017157,26.067323,8.000000,-2.166834
15.104246,26.339169,8.000000,-2.176512
15.179759,26.607332,8.000000,-2.186140
15.242204,26.870470,8.000000,-2.195721
15.290087,27.127241,8.000000,-2.205262
15.322218,27.376310,8.000000,-2.214770
15.338450,27.616368,8.000000,-2.224270
15.338863,27.846114,8.000000,-2.233791
15.323537,28.064244,8.000000,-2.243361
15.292549,28.269455,8.000000,-2.253008
15.245978,28.460445,8.000000,-2.262760
15.183906,28.635910,8.000000,-2.272646
15.106409,28.794549,8.000000,-2.282694
15.013567,28.935059,8.000000,-2.292931
14.905460,29.056136,8.000000,-2.303387
14.782166,29.156477,8.000000,-2.314090
14.643764,29.234781,8.000000,-2.325067
14.490334,29.289745,8.000000,-2.336346
14.321954,29.320065,8.000000,-2.347958
14.138704,29.324439,8.000000,-2.359928
13.940663,29.301564,8.000000,-2.372286
13.727909,29.250138,8.000000,-2.385060
13.500561,29.168907,8.000000,-2.398277
13.260255,29.058597,8.000000,-2.411939
13.010626,28.922531,8.000000,-2.426013
12.755441,28.764208,8.000000,-2.440462
12.498471,28.587127,8.000000,-2.455253
12.243484,28.394788,8.000000,-2.470348
11.994250,28.190689,8.000000,-2.485714
11.754536,27.978329,8.000000,-2.501314
11.528112,27.761208,8.000000,-2.517112
11.318748,27.542825,8.000000,-2.533074
11.130211,27.326680,8.000000,-2.549165
10.966271,27.116270,8.000000,-2.565347
10.830698,26.915096,8.000000,-2.581587
10.727259,26.726656,8.000000,-2.597848
10.659724,26.554450,8.000000,-2.614095
10.631862,26.401976,8.000000,-2.630294
10.647442,26.272735,8.000000,-2.646407
10.710232,26.170225,8.000000,-2.662400
10.823327,26.097581,8.000000,-2.678234
10.983789,26.054698,8.000000,-2.693837
11.185512,26.039762,8.000000,-2.709121
11.422362,26.050947,8.000000,-2.723998
11.688207,26.086427,8.000000,-2.738378
11.976911,26.144374,8.000000,-2.752174
12.282342,26.222963,8.000000,-2.765297
12.598365,26.320367,8.000000,-2.777659
12.918846,26.434759,8.000000,-2.789170
13.237653,26.564311,8.000000,-2.799744
13.548650,26.707199,8.000000,-2.809290
13.845704,26.861594,8.000000,-2.817720
14.122682,27.025670,8.000000,-2.824947
14.373450,27.197601,8.000000,-2.830880
14.591873,27.375560,8.000000,-2.835433
14.771817,27.557720,8.000000,-2.838517
14.907150,27.742255,8.000000,-2.840042
14.991739,27.927338,8.000000,-2.839921
15.021988,28.111260,8.000000,-2.838126
15.002083,28.292678,8.000000,-2.834816
14.937697,28.470316,8.000000,-2.830184
14.834504,28.642899,8.000000,-2.824426
14.698178,28.809152,8.000000,-2.817737
14.534391,28.967800,8.000000,-2.810310
14.348818,29.117569,8.000000,-2.802340
14.147132,29.257182,8.000000,-2.794021
13.935005,29.385364,8.000000,-2.785549
13.718112,29.500842,8.000000,-2.777117
13.502127,29.602339,8.000000,-2.768919
13.292722,29.688581,8.000000,-2.761152
13.095570,29.758292,8.000000,-2.754008
12.916347,29.810198,8.000000,-2.747682
12.760723,29.843023,8.000000,-2.742370
12.634375,29.855492,8.000000,-2.738264
12.542974,29.846331,8.000000,-2.735561
12.492063,29.814305,8.000000,-2.734448
12.483045,29.759479,8.000000,-2.734955
12.512418,29.683459,8.000000,-2.736920
12.576400,29.587936,8.000000,-2.740168
12.671207,29.474604,8.000000,-2.744527
12.793057,29.345155,8.000000,-2.749823
12.938165,29.201283,8.000000,-2.755884
13.102750,29.044679,8.000000,-2.762535
13.283028,28.877038,8.000000,-2.769605
13.475216,28.700051,8.000000,-2.776918
13.675531,28.515412,8.000000,-2.784303
13.880189,28.324814,8.000000,-2.791586
14.085408,28.129948,8.000000,-2.798593
14.287404,27.932509,8.000000,-2.805151
14.482394,27.734189,8.000000,-2.811088
14.666595,27.536681,8.000000,-2.816229
14.836224,27.341677,8.000000,-2.820402
14.987498,27.150871,8.000000,-2.823433
15.117074,26.965836,8.000000,-2.825168
15.225049,26.787203,8.000000,-2.825596
15.313146,26.615164,8.000000,-2.824776
15.383093,26.449906,8.000000,-2.822767
15.436621,26.291617,8.000000,-2.819627
15.475459,26.140484,8.000000,-2.815415
15.501338,25.996695,8.000000,-2.810190
15.515987,25.860438,8.000000,-2.804010
15.521137,25.731899,8.000000,-2.796935
15.518518,25.611267,8.000000,-2.789022
15.509858,25.498730,8.000000,-2.780331
15.496890,25.394474,8.000000,-2.770920
15.481341,25.298688,8.000000,-2.760848
15.464943,25.211559,8.000000,-2.750174
15.449425,25.133274,8.000000,-2.738957
15.436517,25.064022,8.000000,-2.727254
15.427949,25.003990,8.000000,-2.715126
15.425451,24.953365,8.000000,-2.702630
15.430257,24.912076,8.000000,-2.689827
15.442252,24.879350,8.000000,-2.676784
15.461094,24.854292,8.000000,-2.663568
15.486437,24.836010,8.000000,-2.650246
15.517938,24.823608,8.000000,-2.636885
15.555254,24.816193,8.000000,-2.623554
15.598040,24.812872,8.000000,-2.610318
15.645953,24.812750,8.000000,-2.597245
15.698649,24.814935,8.000000,-2.584403
15.755785,24.818532,8.000000,-2.571859
15.817016,24.822648,8.000000,-2.559680
15.881999,24.826388,8.000000,-2.547933
15.950391,24.828860,8.000000,-2.536686
16.021846,24.829169,8.000000,-2.526005
16.096023,24.826422,8.000000,-2.515959
16.172576,24.819725,8.000000,-2.506614
16.251162,24.808183,8.000000,-2.498037
16.331412,24.790956,8.000000,-2.490294
16.412298,24.768512,8.000000,-2.483387
16.492088,24.742726,8.000000,-2.477252
16.569017,24.715538,8.000000,-2.471820
16.641318,24.688890,8.000000,-2.467026
16.707227,24.664722,8.000000,-2.462800
16.764978,24.644977,8.000000,-2.459076
16.812805,24.631594,8.000000,-2.455786
16.848943,24.626517,8.000000,-2.452862
16.871625,24.631684,8.000000,-2.450238
16.879087,24.649039,8.000000,-2.447845
16.869563,24.680521,8.000000,-2.445616
16.841286,24.728073,8.000000,-2.443484
16.792492,24.793635,8.000000,-2.441381
16.721415,24.879149,8.000000,-2.439240
16.626289,24.986555,8.000000,-2.436992
16.505348,25.117796,8.000000,-2.434572
16.356828,25.274811,8.000000,-2.431910
16.179531,25.458992,8.000000,-2.428949
15.976196,25.667922,8.000000,-2.425696
15.751213,25.897583,8.000000,-2.422184
15.508982,26.143952,8.000000,-2.418447
15.253901,26.403004,8.000000,-2.414520
14.990369,26.670716,8.000000,-2.410435
14.722784,26.943063,8.000000,-2.406228
14.455545,27.216021,8.000000,-2.401931
14.193052,27.485567,8.000000,-2.397579
13.939701,27.747676,8.000000,-2.393206
13.699893,27.998325,8.000000,-2.388846
13.478025,28.233489,8.000000,-2.384532
13.278497,28.449144,8.000000,-2.380299
13.105706,28.641266,8.000000,-2.376181
12.964052,28.805832,8.000000,-2.372210
12.857933,28.938817,8.000000,-2.368422
12.791748,29.036198,8.000000,-2.364850
12.769888,29.093956,8.000000,-2.361528
12.794340,29.110273,8.000000,-2.358466
12.861227,29.088694,8.000000,-2.355612
12.965794,29.033566,8.000000,-2.352907
13.103285,28.949235,8.000000,-2.350292
13.268944,28.840050,8.000000,-2.347707
13.458017,28.710357,8.000000,-2.345093
13.665748,28.564504,8.000000,-2.342390
13.887381,28.406838,8.000000,-2.339538
14.118162,28.241707,8.000000,-2.336478
14.353334,28.073456,8.000000,-2.333150
14.588143,27.906435,8.000000,-2.329495
14.817833,27.744989,8.000000,-2.325453
15.037649,27.593466,8.000000,-2.320965
15.242835,27.456214,8.000000,-2.315971
15.428636,27.337580,8.000000,-2.310411
15.590296,27.241910,8.000000,-2.304227
15.723061,27.173553,8.000000,-2.297358
15.822334,27.136686,8.000000,-2.289747
15.886935,27.131869,8.000000,-2.281390
15.918975,27.156176,8.000000,-2.272332
15.920693,27.206544,8.000000,-2.262620
15.894331,27.279906,8.000000,-2.252303
15.842131,27.373197,8.000000,-2.241427
15.766335,27.483353,8.000000,-2.230040
15.669184,27.607307,8.000000,-2.218190
15.552919,27.741995,8.000000,-2.205925
15.419782,27.884352,8.000000,-2.193291
15.272015,28.031312,8.000000,-2.180336
15.111859,28.179810,8.000000,-2.167109
14.941556,28.326780,8.000000,-2.153655
14.763347,28.469158,8.000000,-2.140024
14.579473,28.603879,8.000000,-2.126262
14.392177,28.727876,8.000000,-2.112417
14.203700,28.838085,8.000000,-2.098537
14.016282,28.931441,8.000000,-2.084669
13.831979,29.005435,8.000000,-2.070863
13.651702,29.060949,8.000000,-2.057185
13.475932,29.100140,8.000000,-2.043708
13.305150,29.125168,8.000000,-2.030504
13.139837,29.138195,8.000000,-2.017645
12.980473,29.141380,8.000000,-2.005203
12.827539,29.136883,8.000000,-1.993250
12.681517,29.126865,8.000000,-1.981858
12.542885,29.113486,8.000000,-1.971100
12.412126,29.098906,8.000000,-1.961048
12.289720,29.085285,8.000000,-1.951774
12.176148,29.074784,8.000000,-1.943350
12.071890,29.069562,8.000000,-1.935849
11.977427,29.071781,8.000000,-1.929342
11.893240,29.083600,8.000000,-1.923901
11.819810,29.107179,8.000000,-1.919600
11.757616,29.144679,8.000000,-1.916509
11.707140,29.198253,8.000000,-1.914701
11.668692,29.268772,8.000000,-1.914197
11.642218,29.354304,8.000000,-1.914905
11.627612,29.452548,8.000000,-1.916718
11.624772,29.561205,8.000000,-1.919530
11.633592,29.677973,8.000000,-1.923236
11.653969,29.800553,8.000000,-1.927728
11.685799,29.926643,8.000000,-1.932900
11.728978,30.053944,8.000000,-1.938646
11.783401,30.180155,8.000000,-1.944859
11.848966,30.302974,8.000000,-1.951434
11.925567,30.420103,8.000000,-1.958263
12.013101,30.529240,8.000000,-1.965241
12.111463,30.628085,8.000000,-1.972262
12.220550,30.714337,8.000000,-1.979217
12.340258,30.785696,8.000000,-1.986003
12.470482,30.839861,8.000000,-1.992512
12.611118,30.874533,8.000000,-1.998637
12.762019,30.887523,8.000000,-2.004276
12.922241,30.878690,8.000000,-2.009384
13.090149,30.849668,8.000000,-2.013966
13.264087,30.802147,8.000000,-2.018029
13.442398,30.737820,8.000000,-2.021582
13.623425,30.658378,8.000000,-2.024630
13.805511,30.565514,8.000000,-2.027181
13.987000,30.460918,8.000000,-2.029243
14.166234,30.346282,8.000000,-2.030822
14.341557,30.223299,8.000000,-2.031927
14.511312,30.093659,8.000000,-2.032563
14.673843,29.959055,8.000000,-2.032738
14.827491,29.821178,8.000000,-2.032460
14.970601,29.681720,8.000000,-2.031735
15.101516,29.542373,8.000000,-2.030572
15.218579,29.404829,8.000000,-2.028976
15.320132,29.270778,8.000000,-2.026956
15.404520,29.141914,8.000000,-2.024518
15.470417,29.019570,8.000000,-2.021675
15.518289,28.903160,8.000000,-2.018462
15.549205,28.791451,8.000000,-2.014926
15.564232,28.683208,8.000000,-2.011109
15.564438,28.577200,8.000000,-2.007058
15.550890,28.472192,8.000000,-2.002817
15.524656,28.366952,8.000000,-1.998431
15.486805,28.260245,8.000000,-1.993945
15.438403,28.150839,8.000000,-1.989403
15.380519,28.037501,8.000000,-1.984851
15.314221,27.918997,8.000000,-1.980333
15.240576,27.794093,8.000000,-1.975894
15.160652,27.661557,8.000000,-1.971579
15.075517,27.520154,8.000000,-1.967433
14.986239,27.368653,8.000000,-1.963500
14.893885,27.205819,8.000000,-1.959826
14.799524,27.030420,8.000000,-1.956454
14.704220,26.841233,8.000000,-1.953431
14.608779,26.638563,8.000000,-1.950772
14.513495,26.425695,8.000000,-1.948438
14.418601,26.206259,8.000000,-1.946384
14.324333,25.983886,8.000000,-1.944565
14.230925,25.762205,8.000000,-1.942935
14.138612,25.544848,8.000000,-1.941450
14.047628,25.335444,8.000000,-1.940064
13.958209,25.137624,8.000000,-1.938732
13.870588,24.955019,8.000000,-1.937409
13.785000,24.791258,8.000000,-1.936049
13.701681,24.649972,8.000000,-1.934608
13.620864,24.534791,8.000000,-1.933039
13.542785,24.449346,8.000000,-1.931298
13.467677,24.397268,8.000000,-1.929340
13.395776,24.382185,8.000000,-1.927119
13.327316,24.407730,8.000000,-1.924591
13.262532,24.477532,8.000000,-1.921709
13.201647,24.594893,8.000000,-1.918431
13.144702,24.758100,8.000000,-1.914758
13.091601,24.961514,8.000000,-1.910721
13.042240,25.199392,8.000000,-1.906355
12.996516,25.465991,8.000000,-1.901692
12.954329,25.755569,8.000000,-1.896766
12.915576,26.062383,8.000000,-1.891611
12.880153,26.380689,8.000000,-1.886260
12.847960,26.704746,8.000000,-1.880746
12.818893,27.028810,8.000000,-1.875104
12.792851,27.347139,8.000000,-1.869366
12.769731,27.653990,8.000000,-1.863566
12.749431,27.943619,8.000000,-1.857738
12.731849,28.210285,8.000000,-1.851914
12.716882,28.448244,8.000000,-1.846129
12.704428,28.651755,8.000000,-1.840417
12.694385,28.815072,8.000000,-1.834809
12.686650,28.932456,8.000000,-1.829341
12.681072,28.999508,8.000000,-1.824045
12.677262,29.018272,8.000000,-1.818961
12.674758,28.992714,8.000000,-1.814127
12.673101,28.926801,8.000000,-1.809583
12.671831,28.824499,8.000000,-1.805367
12.670487,28.689774,8.000000,-1.801519
12.668609,28.526592,8.000000,-1.798078
12.665737,28.338921,8.000000,-1.795082
12.661410,28.130725,8.000000,-1.792572
12.655168,27.905972,8.000000,-1.790586
12.646552,27.668627,8.000000,-1.789163
12.635100,27.422658,8.000000,-1.788342
12.620353,27.172030,8.000000,-1.788164
12.601850,26.920710,8.000000,-1.788665
12.579130,26.672664,8.000000,-1.789887
12.551735,26.431858,8.000000,-1.791867
12.519203,26.202259,8.000000,-1.794645
12.481080,25.987814,8.000000,-1.798260
12.437401,25.790859,8.000000,-1.802698
12.389061,25.610901,8.000000,-1.807856
12.337042,25.447158,8.000000,-1.813620
12.282327,25.298850,8.000000,-1.819877
12.225898,25.165198,8.000000,-1.826514
12.168736,25.045420,8.000000,-1.833419
12.111825,24.938737,8.000000,-1.840477
12.056145,24.844367,8.000000,-1.847576
12.002679,24.761532,8.000000,-1.854603
11.952410,24.689450,8.000000,-1.861444
11.906319,24.627341,8.000000,-1.867987
11.865389,24.574425,8.000000,-1.874118
11.830602,24.529921,8.000000,-1.879725
11.802939,24.493049,8.000000,-1.884694
11.783383,24.463029,8.000000,-1.888912
11.772917,24.439080,8.000000,-1.892266
11.772522,24.420423,8.000000,-1.894643
11.783079,24.406343,8.000000,-1.895938
11.804141,24.397016,8.000000,-1.896158
11.834328,24.393242,8.000000,-1.895387
11.872238,24.395831,8.000000,-1.893712
11.916470,24.405597,8.000000,-1.891218
11.965623,24.423353,8.000000,-1.887991
12.018295,24.449909,8.000000,-1.884119
12.073085,24.486079,8.000000,-1.879686
12.128593,24.532676,8.000000,-1.874780
12.183417,24.590511,8.000000,-1.869486
12.236155,24.660396,8.000000,-1.863891
12.285408,24.743145,8.000000,-1.858080
12.329773,24.839569,8.000000,-1.852140
12.367849,24.950481,8.000000,-1.846158
12.398235,25.076693,8.000000,-1.840219
12.419531,25.219018,8.000000,-1.834409
12.430335,25.378268,8.000000,-1.828814
12.429245,25.555255,8.000000,-1.823522
12.415406,25.750177,8.000000,-1.818598
12.390273,25.960623,8.000000,-1.814026
12.355916,26.183489,8.000000,-1.809770
12.314404,26.415674,8.000000,-1.805790
12.267807,26.654072,8.000000,-1.802050
12.218194,26.895582,8.000000,-1.798512
12.167634,27.137100,8.000000,-1.795138
12.118198,27.375522,8.000000,-1.791889
12.071954,27.607747,8.000000,-1.788729
12.030972,27.830669,8.000000,-1.785619
11.997321,28.041187,8.000000,-1.782523
11.973071,28.236197,8.000000,-1.779401
11.960292,28.412596,8.000000,-1.776216
11.961051,28.567281,8.000000,-1.772932
11.977421,28.697148,8.000000,-1.769509
12.011468,28.799095,8.000000,-1.765909
12.065264,28.870017,8.000000,-1.762097
12.140849,28.906848,8.000000,-1.758033
12.238469,28.908713,8.000000,-1.753708
12.355542,28.878202,8.000000,-1.749154
12.489234,28.818211,8.000000,-1.744409
12.636712,28.731634,8.000000,-1.739510
12.795143,28.621366,8.000000,-1.734492
12.961695,28.490302,8.000000,-1.729393
13.133534,28.341338,8.000000,-1.724250
13.307828,28.177367,8.000000,-1.719098
13.481744,28.001285,8.000000,-1.713976
13.652447,27.815987,8.000000,-1.708919
13.817107,27.624368,8.000000,-1.703964
13.972889,27.429322,8.000000,-1.699148
14.116961,27.233745,8.000000,-1.694508
14.246490,27.040532,8.000000,-1.690080
14.358642,26.852576,8.000000,-1.685901
14.450585,26.672774,8.000000,-1.682009
14.519487,26.504020,8.000000,-1.678438
14.562753,26.349021,8.000000,-1.675225
14.580525,26.208338,8.000000,-1.672368
14.574672,26.081174,8.000000,-1.669847
14.547091,25.966712,8.000000,-1.667641
14.499682,25.864132,8.000000,-1.665729
14.434342,25.772617,8.000000,-1.664090
14.352970,25.691348,8.000000,-1.662703
14.257462,25.619507,8.000000,-1.661547
14.149717,25.556275,8.000000,-1.660601
14.031634,25.500834,8.000000,-1.659844
13.905109,25.452366,8.000000,-1.659255
13.772042,25.410052,8.000000,-1.658812
13.634329,25.373074,8.000000,-1.658496
13.493869,25.340613,8.000000,-1.658284
13.352561,25.311851,8.000000,-1.658156
13.212301,25.285970,8.000000,-1.658090
13.074988,25.262151,8.000000,-1.658066
12.942520,25.239577,8.000000,-1.658063
12.816455,25.217835,8.000000,-1.658063
12.697064,25.198052,8.000000,-1.658063
12.584319,25.181714,8.000000,-1.658063
12.478189,25.170310,8.000000,-1.658063
12.378645,25.165326,8.000000,-1.658063
12.285658,25.168250,8.000000,-1.658063
12.199197,25.180569,8.000000,-1.658063
12.119233,25.203771,8.000000,-1.658063
12.045736,25.239342,8.000000,-1.658063
11.978677,25.288770,8.000000,-1.658063
11.918026,25.353542,8.000000,-1.658063
11.863752,25.435146,8.000000,-1.658063
11.815828,25.535068,8.000000,-1.658063
11.774222,25.654797,8.000000,-1.658063
11.738905,25.795819,8.000000,-1.658063
11.709847,25.959622,8.000000,-1.658063
11.687019,26.147694,8.000000,-1.658063
11.670391,26.361475,8.000000,-1.658063
11.659922,26.600271,8.000000,-1.658063
11.655554,26.860346,8.000000,-1.658063
11.657230,27.137733,8.000000,-1.658063
11.664890,27.428468,8.000000,-1.658063
11.678478,27.728583,8.000000,-1.658063
11.697934,28.034113,8.000000,-1.658063
11.723200,28.341093,8.000000,-1.658063
11.754218,28.645555,8.000000,-1.658063
11.790929,28.943534,8.000000,-1.658063
11.833277,29.231064,8.000000,-1.658063
11.881201,29.504179,8.000000,-1.658063
11.934644,29.758913,8.000000,-1.658063
11.993548,29.991299,8.000000,-1.658063
12.057854,30.197373,8.000000,-1.658063
12.127504,30.373168,8.000000,-1.658063
12.202440,30.514717,8.000000,-1.658063
12.282604,30.618056,8.000000,-1.658063
12.367835,30.679626,8.000000,-1.658063
12.456975,30.699904,8.000000,-1.658063
12.548294,30.681666,8.000000,-1.658063
12.640056,30.627713,8.000000,-1.658063
12.730526,30.540848,8.000000,-1.658063
12.817967,30.423872,8.000000,-1.658063
12.900644,30.279588,8.000000,-1.658063
12.976821,30.110797,8.000000,-1.658063
13.044762,29.920302,8.000000,-1.658063
13.102731,29.710904,8.000000,-1.658063
13.148992,29.485405,8.000000,-1.658063
13.181809,29.246608,8.000000,-1.658063
13.199447,28.997314,8.000000,-1.658063
13.200169,28.740325,8.000000,-1.658063
13.182240,28.478444,8.000000,-1.658063
13.143923,28.214472,8.000000,-1.658063
13.083484,27.951211,8.000000,-1.658063
12.999186,27.691464,8.000000,-1.658063
12.890178,27.437689,8.000000,-1.658067
12.758572,27.191198,8.000000,-1.658091
12.607100,26.953065,8.000000,-1.658156
12.438494,26.724361,8.000000,-1.658280
12.255485,26.506158,8.000000,-1.658483
12.060805,26.299530,8.000000,-1.658784
11.857185,26.105547,8.000000,-1.659204
11.647358,25.925283,8.000000,-1.659761
11.434055,25.759810,8.000000,-1.660475
11.220007,25.610200,8.000000,-1.661365
11.007947,25.477525,8.000000,-1.662450
10.800606,25.362858,8.000000,-1.663751
10.600716,25.267271,8.000000,-1.665287
10.411007,25.191836,8.000000,-1.667077
10.234213,25.137625,8.000000,-1.669141
10.073065,25.105712,8.000000,-1.671497
9.930294,25.097167,8.000000,-1.674166
9.808595,25.113017,8.000000,-1.677167
9.709286,25.152506,8.000000,-1.680508
9.631920,25.212608,8.000000,-1.684182
9.575935,25.290145,8.000000,-1.688183
9.540772,25.381941,8.000000,-1.692505
9.525868,25.484819,8.000000,-1.697139
9.530664,25.595602,8.000000,-1.702079
9.554597,25.711114,8.000000,-1.707318
9.597107,25.828178,8.000000,-1.712849
9.657633,25.943616,8.000000,-1.718665
9.735614,26.054253,8.000000,-1.724759
9.830489,26.156912,8.000000,-1.731124
9.941696,26.248416,8.000000,-1.737754
10.068675,26.325588,8.000000,-1.744641
10.210864,26.385251,8.000000,-1.751778
10.367703,26.424230,8.000000,-1.759158
10.538631,26.439346,8.000000,-1.766775
10.723086,26.427424,8.000000,-1.774621
10.920355,26.385721,8.000000,-1.782690
11.128405,26.315245,8.000000,-1.790977
11.344530,26.218922,8.000000,-1.799479
11.566017,26.099693,8.000000,-1.808193
11.790154,25.960498,8.000000,-1.817114
12.014229,25.804280,8.000000,-1.826241
12.235530,25.633980,8.000000,-1.835568
12.451345,25.452538,8.000000,-1.845094
12.658962,25.262895,8.000000,-1.854815
12.855667,25.067994,8.000000,-1.864727
13.038750,24.870775,8.000000,-1.874827
13.205498,24.674179,8.000000,-1.885112
13.353198,24.481148,8.000000,-1.895578
13.479139,24.294622,8.000000,-1.906222
13.580608,24.117544,8.000000,-1.917041
13.654894,23.952853,8.000000,-1.928031
13.699283,23.803491,8.000000,-1.939189
13.711066,23.672400,8.000000,-1.950511
13.689065,23.561652,8.000000,-1.961988
13.636679,23.470741,8.000000,-1.973589
13.558153,23.398681,8.000000,-1.985280
13.457733,23.344487,8.000000,-1.997028
13.339664,23.307171,8.000000,-2.008798
13.208194,23.285749,8.000000,-2.020556
13.067566,23.279234,8.000000,-2.032269
12.922028,23.286641,8.000000,-2.043902
12.775825,23.306984,8.000000,-2.055422
12.633202,23.339276,8.000000,-2.066794
12.498407,23.382533,8.000000,-2.077984
12.375683,23.435767,8.000000,-2.088959
12.269278,23.497994,8.000000,-2.099685
12.183437,23.568226,8.000000,-2.110127
12.122406,23.645480,8.000000,-2.120252
12.090430,23.728768,8.000000,-2.130026
12.091756,23.817104,8.000000,-2.139414
12.130498,23.909498,8.000000,-2.148384
12.206834,24.004797,8.000000,-2.156922
12.316400,24.101660,8.000000,-2.165036
12.454581,24.198739,8.000000,-2.172738
12.616762,24.294684,8.000000,-2.180037
12.798328,24.388144,8.000000,-2.186945
12.994664,24.477771,8.000000,-2.193471
13.201154,24.562215,8.000000,-2.199625
13.413185,24.640126,8.000000,-2.205419
13.626140,24.710154,8.000000,-2.210862
13.835405,24.770949,8.000000,-2.215965
14.036364,24.821162,8.000000,-2.220739
14.224403,24.859444,8.000000,-2.225193
14.394907,24.884444,8.000000,-2.229338
14.543260,24.894812,8.000000,-2.233184
14.664848,24.889200,8.000000,-2.236742
14.755055,24.866257,8.000000,-2.240022
14.809266,24.824634,8.000000,-2.243035
14.823538,24.763260,8.000000,-2.245793
14.799025,24.683181,8.000000,-2.248324
14.739213,24.586411,8.000000,-2.250664
14.647601,24.474971,8.000000,-2.252850
14.527690,24.350881,8.000000,-2.254917
14.382979,24.216161,8.000000,-2.256900
14.216968,24.072832,8.000000,-2.258837
14.033156,23.922912,8.000000,-2.260762
13.835042,23.768424,8.000000,-2.262712
13.626127,23.611386,8.000000,-2.264723
13.409910,23.453818,8.000000,-2.266830
13.189890,23.297742,8.000000,-2.269069
12.969568,23.145177,8.000000,-2.271477
12.752442,22.998143,8.000000,-2.274088
12.542012,22.858661,8.000000,-2.276940
12.341779,22.728750,8.000000,-2.280068
12.155240,22.610431,8.000000,-2.283507
11.985896,22.505723,8.000000,-2.287294
11.836431,22.416142,8.000000,-2.291443
11.707380,22.341870,8.000000,-2.295914
11.598919,22.282867,8.000000,-2.300656
11.511227,22.239096,8.000000,-2.305619
11.444484,22.210518,8.000000,-2.310753
11.398866,22.197094,8.000000,-2.316008
11.374552,22.198786,8.000000,-2.321333
11.371721,22.215556,8.000000,-2.326679
11.390552,22.247366,8.000000,-2.331994
11.431221,22.294176,8.000000,-2.337229
11.493908,22.355948,8.000000,-2.342335
11.578792,22.432645,8.000000,-2.347259
11.686050,22.524227,8.000000,-2.351953
11.815860,22.630656,8.000000,-2.356367
11.968402,22.751894,8.000000,-2.360449
12.143853,22.887902,8.000000,-2.364150
12.342392,23.038642,8.000000,-2.367419
12.564133,23.204028,8.000000,-2.370208
12.807607,23.382827,8.000000,-2.372501
13.069702,23.572609,8.000000,-2.374315
13.347226,23.770890,8.000000,-2.375670
13.636990,23.975183,8.000000,-2.376585
13.935804,24.183004,8.000000,-2.377079
14.240476,24.391868,8.000000,-2.377173
14.547818,24.599291,8.000000,-2.376885
14.854639,24.802787,8.000000,-2.376234
15.157748,24.999870,8.000000,-2.375241
15.453955,25.188057,8.000000,-2.373924
15.740071,25.364862,8.000000,-2.372303
16.012905,25.527800,8.000000,-2.370398
16.269266,25.674387,8.000000,-2.368227
16.505965,25.802136,8.000000,-2.365811
16.719811,25.908564,8.000000,-2.363167
16.907615,25.991185,8.000000,-2.360317
17.066185,26.047515,8.000000,-2.357280
17.192743,26.075527,8.000000,-2.354073
17.287249,26.076268,8.000000,-2.350710
17.350790,26.052043,8.000000,-2.347203
17.384454,26.005162,8.000000,-2.343563
17.389330,25.937932,8.000000,-2.339801
17.366508,25.852664,8.000000,-2.335929
17.317076,25.751665,8.000000,-2.331956
17.242123,25.637244,8.000000,-2.327896
17.142738,25.511711,8.000000,-2.323759
17.020011,25.377375,8.000000,-2.319556
16.875029,25.236544,8.000000,-2.315298
16.708883,25.091527,8.000000,-2.310998
16.522660,24.944634,8.000000,-2.306665
16.317450,24.798172,8.000000,-2.302312
16.094343,24.654451,8.000000,-2.297949
15.854426,24.515780,8.000000,-2.293587
15.598788,24.384468,8.000000,-2.289239
15.328521,24.262821,8.000000,-2.284915
15.045044,24.152547,8.000000,-2.280639
14.750560,24.053930,8.000000,-2.276462
14.447387,23.967049,8.000000,-2.272439
14.137840,23.891982,8.000000,-2.268628
13.824236,23.828808,8.000000,-2.265083
13.508894,23.777604,8.000000,-2.261861
13.194128,23.738450,8.000000,-2.259017
12.882256,23.711423,8.000000,-2.256607
12.575596,23.696602,8.000000,-2.254687
12.276462,23.694065,8.000000,-2.253313
11.987173,23.703892,8.000000,-2.252540
11.710045,23.726159,8.000000,-2.252424
11.447395,23.760946,8.000000,-2.253022
11.201540,23.808330,8.000000,-2.254388
10.974796,23.868391,8.000000,-2.256579
10.769480,23.941206,8.000000,-2.259651
10.587909,24.026855,8.000000,-2.263659
10.432312,24.125376,8.000000,-2.268657
10.303102,24.236035,8.000000,-2.274636
10.198992,24.357367,8.000000,-2.281531
10.118631,24.487880,8.000000,-2.289278
10.060665,24.626080,8.000000,-2.297808
10.023742,24.770476,8.000000,-2.307055
10.006510,24.919575,8.000000,-2.316953
10.007615,25.071884,8.000000,-2.327435
10.025706,25.225912,8.000000,-2.338434
10.059430,25.380165,8.000000,-2.349883
10.107435,25.533151,8.000000,-2.361716
10.168367,25.683377,8.000000,-2.373867
10.240875,25.829352,8.000000,-2.386269
10.323606,25.969583,8.000000,-2.398854
10.415207,26.102576,8.000000,-2.411557
10.514325,26.226841,8.000000,-2.424310
10.619610,26.340883,8.000000,-2.437048
10.729707,26.443212,8.000000,-2.449703
10.843293,26.532514,8.000000,-2.462218
10.959217,26.608553,8.000000,-2.474589
11.076389,26.671478,8.000000,-2.486833
11.193721,26.721444,8.000000,-2.498965
11.310122,26.758604,8.000000,-2.511003
11.424505,26.783110,8.000000,-2.522961
11.535780,26.795116,8.000000,-2.534856
11.642857,26.794775,8.000000,-2.546705
11.744649,26.782240,8.000000,-2.558523
11.840066,26.757663,8.000000,-2.570327
11.928018,26.721198,8.000000,-2.582133
12.007418,26.672998,8.000000,-2.593956
12.077175,26.613216,8.000000,-2.605814
12.136201,26.542005,8.000000,-2.617722
12.183406,26.459518,8.000000,-2.629697
12.217702,26.365907,8.000000,-2.641754
12.238000,26.261327,8.000000,-2.653910
12.243216,26.145934,8.000000,-2.666181
12.233307,26.020623,8.000000,-2.678556
12.210436,25.887851,8.000000,-2.690965
12.177047,25.750278,8.000000,-2.703335
12.135586,25.610560,8.000000,-2.715588
12.088497,25.471356,8.000000,-2.727648
12.038225,25.335324,8.000000,-2.739441
11.987214,25.205122,8.000000,-2.750889
11.937910,25.083408,8.000000,-2.761918
11.892757,24.972840,8.000000,-2.772451
11.854199,24.876076,8.000000,-2.782412
11.824682,24.795774,8.000000,-2.791726
11.806651,24.734592,8.000000,-2.800317
11.802549,24.695189,8.000000,-2.808109
11.814822,24.680222,8.000000,-2.815025
11.845915,24.692349,8.000000,-2.820991
11.898271,24.734228,8.000000,-2.825930
11.974337,24.808518,8.000000,-2.829767
12.076394,24.917685,8.000000,-2.832430
12.203914,25.060913,8.000000,-2.833917
12.353992,25.234601,8.000000,-2.834285
12.523649,25.435065,8.000000,-2.833595
12.709907,25.658620,8.000000,-2.831907
12.909787,25.901581,8.000000,-2.829279
13.120308,26.160262,8.000000,-2.825772
13.338493,26.430977,8.000000,-2.821445
13.561361,26.710043,8.000000,-2.816357
13.785935,26.993772,8.000000,-2.810570
14.009235,27.278481,8.000000,-2.804141
14.228282,27.560484,8.000000,-2.797131
14.440097,27.836095,8.000000,-2.789599
14.641701,28.101630,8.000000,-2.781606
14.830115,28.353403,8.000000,-2.773210
15.002360,28.587728,8.000000,-2.764472
15.155456,28.800921,8.000000,-2.755450
15.286426,28.989297,8.000000,-2.746205
15.392918,29.149810,8.000000,-2.736793
15.475874,29.282769,8.000000,-2.727248
15.537310,29.389575,8.000000,-2.717601
15.579241,29.471629,8.000000,-2.707880
15.603682,29.530333,8.000000,-2.698113
15.612649,29.567088,8.000000,-2.688331
15.608156,29.583296,8.000000,-2.678562
15.592219,29.580358,8.000000,-2.668835
15.566854,29.559676,8.000000,-2.659178
15.534076,29.522651,8.000000,-2.649622
15.495899,29.470685,8.000000,-2.640195
15.454341,29.405179,8.000000,-2.630926
15.411415,29.327535,8.000000,-2.621845
15.369138,29.239154,8.000000,-2.612979
15.329525,29.141439,8.000000,-2.604358
15.294590,29.035789,8.000000,-2.596012
15.266350,28.923607,8.000000,-2.587969
15.246811,28.806292,8.000000,-2.580257
15.237082,28.684833,8.000000,-2.572901
15.236555,28.559449,8.000000,-2.565913
15.244433,28.430271,8.000000,-2.559304
15.259917,28.297430,8.000000,-2.553085
15.282210,28.161057,8.000000,-2.547267
15.310514,28.021284,8.000000,-2.541862
15.344030,27.878240,8.000000,-2.536881
15.381961,27.732058,8.000000,-2.532334
15.423508,27.582869,8.000000,-2.528234
15.467874,27.430803,8.000000,-2.524591
15.514259,27.275992,8.000000,-2.521416
15.561867,27.118566,8.000000,-2.518722
15.609900,26.958657,8.000000,-2.516518
15.657558,26.796397,8.000000,-2.514816
15.704044,26.631915,8.000000,-2.513628
15.748561,26.465343,8.000000,-2.512964
15.790309,26.296812,8.000000,-2.512836
15.828497,26.126476,8.000000,-2.513251
15.862410,25.954815,8.000000,-2.514166
15.891394,25.782560,8.000000,-2.515499
15.914798,25.610449,8.000000,-2.517165
15.931968,25.439217,8.000000,-2.519083
15.942253,25.269603,8.000000,-2.521167
15.944999,25.102342,8.000000,-2.523334
15.939556,24.938173,8.000000,-2.525502
15.925269,24.777831,8.000000,-2.527587
15.901488,24.622055,8.000000,-2.529504
15.867559,24.471580,8.000000,-2.531171
15.822830,24.327144,8.000000,-2.532504
15.766649,24.189483,8.000000,-2.533420
15.698363,24.059336,8.000000,-2.533835
15.617321,23.937438,8.000000,-2.533666
15.522869,23.824526,8.000000,-2.532828
15.414355,23.721339,8.000000,-2.531240
15.291128,23.628611,8.000000,-2.528817
15.152873,23.546875,8.000000,-2.525495
15.000850,23.475706,8.000000,-2.521300
14.836775,23.414399,8.000000,-2.516285
14.662365,23.362253,8.000000,-2.510502
14.479334,23.318565,8.000000,-2.504004
14.289399,23.282633,8.000000,-2.496842
14.094277,23.253753,8.000000,-2.489068
13.895682,23.231222,8.000000,-2.480736
13.695330,23.214339,8.000000,-2.471897
13.494938,23.202401,8.000000,-2.462605
13.296222,23.194704,8.000000,-2.452910
13.100897,23.190546,8.000000,-2.442865
12.910680,23.189224,8.000000,-2.432523
12.727285,23.190036,8.000000,-2.421936
12.552430,23.192280,8.000000,-2.411157
12.387830,23.195251,8.000000,-2.400237
12.235201,23.198248,8.000000,-2.389229
12.096247,23.200575,8.000000,-2.378184
11.971717,23.202190,8.000000,-2.367139
11.860729,23.204158,8.000000,-2.356097
11.762240,23.207655,8.000000,-2.345060
11.675210,23.213857,8.000000,-2.334032
11.598597,23.223938,8.000000,-2.323013
11.531358,23.239075,8.000000,-2.312007
11.472452,23.260443,8.000000,-2.301014
11.420837,23.289217,8.000000,-2.290037
11.375471,23.326574,8.000000,-2.279079
11.335313,23.373687,8.000000,-2.268141
11.299320,23.431734,8.000000,-2.257225
11.266451,23.501889,8.000000,-2.246333
11.235663,23.585327,8.000000,-2.235468
11.205916,23.683226,8.000000,-2.224632
11.176167,23.796758,8.000000,-2.213826
11.145375,23.927102,8.000000,-2.203053
11.112497,24.075431,8.000000,-2.192315
11.076569,24.242789,8.000000,-2.181614
11.037597,24.428540,8.000000,-2.170959
10.996252,24.630896,8.000000,-2.160361
10.953220,24.848050,8.000000,-2.149834
10.909186,25.078189,8.000000,-2.139391
10.864836,25.319506,8.000000,-2.129042
10.820855,25.570190,8.000000,-2.118801
10.777928,25.828431,8.000000,-2.108680
10.736740,26.092420,8.000000,-2.098692
10.697977,26.360347,8.000000,-2.088848
10.662324,26.630402,8.000000,-2.079162
10.630465,26.900777,8.000000,-2.069646
10.603087,27.169660,8.000000,-2.060312
10.580875,27.435243,8.000000,-2.051172
10.564513,27.695715,8.000000,-2.042240
10.554688,27.949267,8.000000,-2.033527
10.552083,28.194090,8.000000,-2.025046
10.557386,28.428373,8.000000,-2.016809
10.571174,28.650594,8.000000,-2.008835
10.593591,28.860413,8.000000,-2.001168
10.624666,29.057796,8.000000,-1.993859
10.664429,29.242708,8.000000,-1.986959
10.712910,29.415113,8.000000,-1.980519
10.770139,29.574976,8.000000,-1.974590
10.836146,29.722264,8.000000,-1.969223
10.910961,29.856940,8.000000,-1.964468
10.994614,29.978970,8.000000,-1.960376
11.087135,30.088319,8.000000,-1.956999
11.188554,30.184953,8.000000,-1.954387
11.298901,30.268835,8.000000,-1.952591
11.418205,30.339932,8.000000,-1.951662
11.546496,30.398207,8.000000,-1.951651
11.683806,30.443628,8.000000,-1.952608
11.830163,30.476157,8.000000,-1.954586
11.985597,30.495761,8.000000,-1.957633
12.150122,30.502410,8.000000,-1.961801
12.322804,30.496345,8.000000,-1.967074
12.501247,30.478227,8.000000,-1.973336
12.682935,30.448752,8.000000,-1.980464
12.865351,30.408617,8.000000,-1.988332
13.045976,30.358519,8.000000,-1.996817
13.222293,30.299153,8.000000,-2.005796
13.391785,30.231216,8.000000,-2.015143
13.551934,30.155405,8.000000,-2.024734
13.700223,30.072414,8.000000,-2.034447
13.834134,29.982942,8.000000,-2.044155
13.951149,29.887685,8.000000,-2.053736
14.048752,29.787337,8.000000,-2.063066
14.124423,29.682597,8.000000,-2.072019
14.175647,29.574160,8.000000,-2.080473
14.199905,29.462723,8.000000,-2.088302
14.194681,29.348982,8.000000,-2.095384
14.157455,29.233633,8.000000,-2.101593
14.086041,29.117356,8.000000,-2.106816
13.981860,29.000636,8.000000,-2.111059
13.848563,28.883840,8.000000,-2.114399
13.689832,28.767335,8.000000,-2.116914
13.509351,28.651486,8.000000,-2.118684
13.310803,28.536658,8.000000,-2.119787
13.097871,28.423217,8.000000,-2.120303
12.874237,28.311529,8.000000,-2.120309
12.643586,28.201960,8.000000,-2.119884
12.409600,28.094874,8.000000,-2.119108
12.175961,27.990637,8.000000,-2.118060
11.946355,27.889616,8.000000,-2.116817
11.724462,27.792176,8.000000,-2.115459
11.513967,27.698681,8.000000,-2.114064
11.318552,27.609499,8.000000,-2.112712
11.141901,27.524994,8.000000,-2.111481
10.987697,27.445532,8.000000,-2.110450
10.859622,27.371478,8.000000,-2.109697
10.760509,27.303180,8.000000,-2.109291
10.690072,27.240916,8.000000,-2.109257
10.647314,27.184948,8.000000,-2.109614
10.631237,27.135538,8.000000,-2.110378
10.640845,27.092948,8.000000,-2.111566
10.675139,27.057442,8.000000,-2.113196
10.733122,27.029281,8.000000,-2.115286
10.813797,27.008728,8.000000,-2.117852
10.916167,26.996046,8.000000,-2.120911
11.039233,26.991496,8.000000,-2.124481
11.181999,26.995341,8.000000,-2.128580
11.343467,27.007844,8.000000,-2.133223
11.522640,27.029266,8.000000,-2.138430
11.718519,27.059870,8.000000,-2.144216
11.930109,27.099919,8.000000,-2.150599
12.156410,27.149676,8.000000,-2.157597
12.396427,27.209401,8.000000,-2.165226
12.649153,27.279338,8.000000,-2.173503
12.913213,27.358822,8.000000,-2.182396
13.186723,27.445937,8.000000,-2.191806
13.467761,27.538672,8.000000,-2.201630
13.754405,27.635019,8.000000,-2.211765
14.044731,27.732968,8.000000,-2.222106
14.336819,27.830509,8.000000,-2.232551
14.628745,27.925634,8.000000,-2.242995
14.918588,28.016333,8.000000,-2.253337
15.204426,28.100596,8.000000,-2.263471
15.484335,28.176415,8.000000,-2.273296
15.756395,28.241779,8.000000,-2.282706
16.018682,28.294680,8.000000,-2.291600
16.269275,28.333108,8.000000,-2.299873
16.506251,28.355055,8.000000,-2.307422
16.727688,28.358509,8.000000,-2.314143
16.931664,28.341463,8.000000,-2.319934
17.116257,28.301907,8.000000,-2.324690
17.279731,28.238100,8.000000,-2.328321
17.422139,28.150870,8.000000,-2.330859
17.544522,28.042469,8.000000,-2.332404
17.647935,27.915161,8.000000,-2.333056
17.733429,27.771215,8.000000,-2.332915
17.802058,27.612896,8.000000,-2.332083
17.854875,27.442471,8.000000,-2.330660
17.892933,27.262207,8.000000,-2.328745
17.917286,27.074369,8.000000,-2.326441
17.928985,26.881225,8.000000,-2.323846
17.929085,26.685041,8.000000,-2.321063
17.918637,26.488083,8.000000,-2.318190
17.898697,26.292618,8.000000,-2.315330
17.870315,26.100912,8.000000,-2.312582
17.834546,25.915232,8.000000,-2.310046
17.792442,25.737844,8.000000,-2.307824
17.745057,25.571015,8.000000,-2.306015
17.693444,25.417012,8.000000,-2.304721
17.638216,25.277654,8.000000,-2.304002
17.578561,25.153317,8.000000,-2.303791
17.513378,25.044080,8.000000,-2.303996
17.441564,24.950024,8.000000,-2.304522
17.362018,24.871229,8.000000,-2.305278
17.273636,24.807775,8.000000,-2.306169
17.175319,24.759743,8.000000,-2.307103
17.065963,24.727211,8.000000,-2.307986
16.944466,24.710262,8.000000,-2.308726
16.809727,24.708974,8.000000,-2.309230
16.660643,24.723428,8.000000,-2.309404
16.496113,24.753704,8.000000,-2.309155
16.315035,24.799883,8.000000,-2.308390
16.116306,24.862044,8.000000,-2.307016
15.898825,24.940268,8.000000,-2.304940
15.661489,25.034634,8.000000,-2.302068
15.403198,25.145224,8.000000,-2.298309
15.122918,25.272084,8.000000,-2.293569
14.822113,25.414079,8.000000,-2.287832
14.505353,25.568606,8.000000,-2.281169
14.177403,25.732966,8.000000,-2.273656
13.843028,25.904462,8.000000,-2.265372
13.506995,26.080397,8.000000,-2.256394
13.174067,26.258072,8.000000,-2.246798
12.849010,26.434791,8.000000,-2.236663
12.536591,26.607857,8.000000,-2.226066
12.241573,26.774571,8.000000,-2.215084
11.968722,26.932236,8.000000,-2.203794
11.722804,27.078155,8.000000,-2.192274
11.508583,27.209630,8.000000,-2.180601
11.330825,27.323964,8.000000,-2.168853
11.194296,27.418459,8.000000,-2.157107
11.103760,27.490418,8.000000,-2.145440
11.063983,27.537143,8.000000,-2.133929
11.079730,27.555938,8.000000,-2.122652
11.154876,27.544541,8.000000,-2.111678
11.285857,27.504344,8.000000,-2.100999
11.465407,27.438555,8.000000,-2.090571
11.686234,27.350396,8.000000,-2.080350
11.941043,27.243088,8.000000,-2.070292
12.222543,27.119854,8.000000,-2.060353
12.523441,26.983914,8.000000,-2.050487
12.836444,26.838491,8.000000,-2.040651
13.154259,26.686806,8.000000,-2.030799
13.469593,26.532081,8.000000,-2.020889
13.775154,26.377537,8.000000,-2.010875
14.063648,26.226396,8.000000,-2.000713
14.327783,26.081880,8.000000,-1.990358
14.560266,25.947210,8.000000,-1.979767
14.753804,25.825609,8.000000,-1.968894
14.901104,25.720296,8.000000,-1.957696
14.994874,25.634495,8.000000,-1.946128
15.027823,25.571426,8.000000,-1.934146
14.995810,25.532888,8.000000,-1.921732
14.903799,25.516571,8.000000,-1.908947
14.758399,25.519422,8.000000,-1.895865
14.566214,25.538392,8.000000,-1.882562
14.333850,25.570428,8.000000,-1.869112
14.067915,25.612480,8.000000,-1.855590
13.775013,25.661497,8.000000,-1.842071
13.461751,25.714427,8.000000,-1.828629
13.134735,25.768219,8.000000,-1.815339
12.800571,25.819822,8.000000,-1.802275
12.465865,25.866186,8.000000,-1.789513
12.137223,25.904258,8.000000,-1.777127
11.821250,25.930988,8.000000,-1.765192
11.524554,25.943325,8.000000,-1.753782
11.253740,25.938218,8.000000,-1.742973
11.015414,25.912614,8.000000,-1.732839
10.816182,25.863464,8.000000,-1.723454
10.662496,25.787817,8.000000,-1.714893
10.556377,25.685623,8.000000,-1.707181
10.494870,25.560087,8.000000,-1.700294
10.474756,25.414587,8.000000,-1.694206
10.492817,25.252501,8.000000,-1.688888
10.545833,25.077210,8.000000,-1.684314
10.630584,24.892091,8.000000,-1.680457
10.743853,24.700522,8.000000,-1.677288
10.882420,24.505882,8.000000,-1.674780
11.043065,24.311550,8.000000,-1.672907
11.222571,24.120905,8.000000,-1.671642
11.417717,23.937324,8.000000,-1.670955
11.625284,23.764186,8.000000,-1.670822
11.842055,23.604871,8.000000,-1.671213
12.064808,23.462756,8.000000,-1.672102
12.290326,23.341220,8.000000,-1.673462
12.515390,23.243641,8.000000,-1.675265
12.736780,23.173399,8.000000,-1.677484
12.951500,23.133454,8.000000,-1.680091
13.158202,23.123699,8.000000,-1.683047
13.356268,23.142661,8.000000,-1.686309
13.545084,23.188860,8.000000,-1.689837
13.724036,23.260816,8.000000,-1.693586
13.892510,23.357048,8.000000,-1.697515
14.049894,23.476078,8.000000,-1.701582
14.195573,23.616424,8.000000,-1.705744
14.328933,23.776608,8.000000,-1.709958
14.449362,23.955148,8.000000,-1.714183
14.556244,24.150565,8.000000,-1.718376
14.648966,24.361380,8.000000,-1.722495
14.726915,24.586111,8.000000,-1.726496
14.789477,24.823279,8.000000,-1.730339
14.836039,25.071405,8.000000,-1.733980
14.865985,25.329008,8.000000,-1.737377
14.878704,25.594607,8.000000,-1.740488
14.873581,25.866724,8.000000,-1.743270
14.850426,26.143918,8.000000,-1.745693
14.810136,26.424849,8.000000,-1.747758
14.753783,26.708196,8.000000,-1.749469
14.682437,26.992635,8.000000,-1.750833
14.597169,27.276843,8.000000,-1.751855
14.499050,27.559498,8.000000,-1.752540
14.389151,27.839277,8.000000,-1.752893
14.268543,28.114857,8.000000,-1.752920
14.138296,28.384916,8.000000,-1.752626
13.999482,28.648130,8.000000,-1.752017
13.853172,28.903178,8.000000,-1.751098
13.700436,29.148736,8.000000,-1.749875
13.542345,29.383481,8.000000,-1.748352
13.379971,29.606091,8.000000,-1.746536
13.214383,29.815243,8.000000,-1.744431
13.046654,30.009614,8.000000,-1.742044
12.877854,30.187881,8.000000,-1.739378
12.709061,30.348752,8.000000,-1.736443
12.541523,30.491633,8.000000,-1.733274
12.376662,30.616640,8.000000,-1.729944
12.215905,30.723918,8.000000,-1.726524
12.060681,30.813616,8.000000,-1.723085
11.912419,30.885879,8.000000,-1.719700
11.772547,30.940855,8.000000,-1.716441
11.642494,30.978691,8.000000,-1.713379
11.523687,30.999533,8.000000,-1.710586
11.417556,31.003528,8.000000,-1.708134
11.325529,30.990824,8.000000,-1.706095
11.249034,30.961566,8.000000,-1.704542
11.189500,30.915903,8.000000,-1.703544
11.148355,30.853980,8.000000,-1.703176
11.127027,30.775944,8.000000,-1.703508
11.126946,30.681943,8.000000,-1.704612
11.149540,30.572123,8.000000,-1.706560
11.196236,30.446632,8.000000,-1.709424
11.268022,30.305767,8.000000,-1.713263
11.363027,30.150811,8.000000,-1.718041
11.478238,29.983439,8.000000,-1.723690
11.610642,29.805326,8.000000,-1.730140
11.757224,29.618149,8.000000,-1.737320
11.914970,29.423581,8.000000,-1.745160
12.080866,29.223299,8.000000,-1.753591
12.251897,29.018979,8.000000,-1.762543
12.425050,28.812295,8.000000,-1.771946
12.597309,28.604924,8.000000,-1.781729
12.765662,28.398540,8.000000,-1.791824
12.927092,28.194820,8.000000,-1.802159
13.078587,27.995439,8.000000,-1.812665
13.217132,27.802072,8.000000,-1.823271
13.339712,27.616395,8.000000,-1.833909
13.443314,27.440084,8.000000,-1.844508
13.524923,27.274813,8.000000,-1.854998
13.581530,27.122256,8.000000,-1.865309
13.611458,26.983301,8.000000,-1.875386
13.616098,26.857034,8.000000,-1.885207
13.597274,26.742285,8.000000,-1.894756
13.556811,26.637885,8.000000,-1.904016
13.496532,26.542664,8.000000,-1.912969
13.418260,26.455453,8.000000,-1.921600
13.323820,26.375084,8.000000,-1.929890
13.215035,26.300385,8.000000,-1.937825
13.093729,26.230189,8.000000,-1.945385
12.961726,26.163325,8.000000,-1.952556
12.820849,26.098625,8.000000,-1.959320
12.672924,26.034918,8.000000,-1.965660
12.519772,25.971037,8.000000,-1.971559
12.363218,25.905811,8.000000,-1.977001
12.205086,25.838071,8.000000,-1.981969
12.047200,25.766648,8.000000,-1.986446
11.891383,25.690373,8.000000,-1.990415
11.739430,25.608160,8.000000,-1.993860
11.592572,25.520591,8.000000,-1.996782
11.451523,25.429768,8.000000,-1.999197
11.316978,25.337850,8.000000,-2.001123
11.189631,25.246995,8.000000,-2.002574
11.070179,25.159361,8.000000,-2.003569
10.959316,25.077107,8.000000,-2.004125
10.857737,25.002391,8.000000,-2.004256
10.766138,24.937371,8.000000,-2.003982
10.685214,24.884206,8.000000,-2.003317
10.615659,24.845054,8.000000,-2.002279
10.558170,24.822073,8.000000,-2.000885
10.513441,24.817423,8.000000,-1.999151
10.482167,24.833260,8.000000,-1.997094
10.465043,24.871744,8.000000,-1.994730
10.462766,24.935032,8.000000,-1.992077
10.476029,25.025284,8.000000,-1.989152
10.505528,25.144657,8.000000,-1.985969
10.551790,25.294626,8.000000,-1.982556
10.614374,25.472743,8.000000,-1.978982
10.692498,25.675168,8.000000,-1.975334
10.785377,25.898058,8.000000,-1.971700
10.892229,26.137570,8.000000,-1.968168
11.012268,26.389862,8.000000,-1.964823
11.144712,26.651092,8.000000,-1.961754
11.288777,26.917417,8.000000,-1.959047
11.443679,27.184994,8.000000,-1.956791
11.608634,27.449980,8.000000,-1.955071
11.782859,27.708534,8.000000,-1.953976
11.965570,27.956811,8.000000,-1.953592
12.155983,28.190971,8.000000,-1.954007
12.353314,28.407171,8.000000,-1.955308
12.556780,28.601567,8.000000,-1.957583
12.765597,28.770317,8.000000,-1.960917
12.978981,28.909578,8.000000,-1.965400
13.196147,29.015520,8.000000,-1.971116
13.415979,29.086037,8.000000,-1.978083
13.636684,29.122587,8.000000,-1.986169
13.856382,29.127069,8.000000,-1.995225
14.073197,29.101383,8.000000,-2.005103
14.285248,29.047427,8.000000,-2.015653
14.490659,28.967101,8.000000,-2.026727
14.687550,28.862304,8.000000,-2.038174
14.874044,28.734934,8.000000,-2.049848
15.048262,28.586892,8.000000,-2.061597
15.208326,28.420076,8.000000,-2.073274
15.352358,28.236385,8.000000,-2.084730
15.478479,28.037719,8.000000,-2.095815
15.584811,27.825977,8.000000,-2.106380
15.669476,27.603057,8.000000,-2.116277
15.730595,27.370859,8.000000,-2.125357
15.766290,27.131283,8.000000,-2.133470
15.774683,26.886227,8.000000,-2.140468
15.754044,26.637597,8.000000,-2.146209
15.705086,26.387426,8.000000,-2.150672
15.630544,26.137849,8.000000,-2.153935
15.533207,25.891001,8.000000,-2.156082
15.415867,25.649023,8.000000,-2.157193
15.281316,25.414049,8.000000,-2.157351
15.132345,25.188220,8.000000,-2.156637
14.971746,24.973671,8.000000,-2.155133
14.802310,24.772541,8.000000,-2.152920
14.626828,24.586967,8.000000,-2.150082
14.448092,24.419087,8.000000,-2.146699
14.268893,24.271038,8.000000,-2.142853
14.092024,24.144958,8.000000,-2.138627
13.920274,24.042985,8.000000,-2.134102
13.756437,23.967256,8.000000,-2.129359
13.603302,23.919908,8.000000,-2.124481
13.463662,23.903080,8.000000,-2.119549
13.340308,23.918909,8.000000,-2.114646
13.235522,23.968877,8.000000,-2.109836
13.148993,24.051142,8.000000,-2.105104
13.079593,24.162808,8.000000,-2.100406
13.026191,24.300980,8.000000,-2.095699
12.987659,24.462761,8.000000,-2.090940
12.962865,24.645255,8.000000,-2.086087
12.950680,24.845567,8.000000,-2.081097
12.949974,25.060801,8.000000,-2.075927
12.959618,25.288060,8.000000,-2.070534
12.978481,25.524448,8.000000,-2.064875
13.005434,25.767071,8.000000,-2.058908
13.039347,26.013031,8.000000,-2.052589
13.079090,26.259433,8.000000,-2.045875
13.123533,26.503381,8.000000,-2.038724
13.171546,26.741978,8.000000,-2.031093
13.222000,26.972330,8.000000,-2.022939
13.273765,27.191540,8.000000,-2.014220
13.325714,27.396722,8.000000,-2.004892
13.377125,27.586065,8.000000,-1.994964
13.428019,27.759750,8.000000,-1.984540
13.478502,27.918171,8.000000,-1.973734
13.528676,28.061723,8.000000,-1.962657
13.578644,28.190800,8.000000,-1.951425
13.628510,28.305799,8.000000,-1.940150
13.678377,28.407114,8.000000,-1.928946
13.728350,28.495141,8.000000,-1.917926
13.778531,28.570273,8.000000,-1.907204
13.829024,28.632907,8.000000,-1.896893
13.879933,28.683438,8.000000,-1.887106
13.931360,28.722260,8.000000,-1.877958
13.983410,28.749768,8.000000,-1.869560
14.036185,28.766358,8.000000,-1.862028
14.089790,28.772425,8.000000,-1.855474
14.144327,28.768363,8.000000,-1.850012
14.199901,28.754568,8.000000,-1.845755
14.256604,28.731443,8.000000,-1.842810
14.314371,28.699505,8.000000,-1.841189
14.373022,28.659358,8.000000,-1.840834
14.432374,28.611607,8.000000,-1.841686
14.492244,28.556857,8.000000,-1.843685
14.552449,28.495712,8.000000,-1.846772
14.612806,28.428777,8.000000,-1.850886
14.673132,28.356658,8.000000,-1.855970
14.733243,28.279959,8.000000,-1.861961
14.792956,28.199286,8.000000,-1.868803
14.852089,28.115244,8.000000,-1.876433
14.910459,28.028436,8.000000,-1.884794
14.967881,27.939469,8.000000,-1.893826
15.024174,27.848947,8.000000,-1.903468
15.079153,27.757476,8.000000,-1.913662
15.132637,27.665659,8.000000,-1.924348
15.184441,27.574103,8.000000,-1.935466
15.234383,27.483412,8.000000,-1.946957
15.282268,27.394015,8.000000,-1.958752
15.327843,27.305542,8.000000,-1.970744
15.370841,27.217400,8.000000,-1.982812
15.410995,27.128997,8.000000,-1.994839
15.448038,27.039739,8.000000,-2.006705
15.481703,26.949034,8.000000,-2.018291
15.511722,26.856288,8.000000,-2.029477
15.537828,26.760909,8.000000,-2.040145
15.559753,26.662303,8.000000,-2.050176
15.577231,26.559877,8.000000,-2.059449
15.589994,26.453038,8.000000,-2.067847
15.597775,26.341194,8.000000,-2.075250
15.600306,26.223751,8.000000,-2.081540
15.597321,26.100116,8.000000,-2.086595
15.588551,25.969696,8.000000,-2.090299
15.573730,25.831898,8.000000,-2.092531
15.552591,25.686129,8.000000,-2.093173
15.524869,25.531806,8.000000,-2.092106
15.490634,25.368998,8.000000,-2.089310
15.450502,25.198866,8.000000,-2.084927
15.405140,25.022674,8.000000,-2.079114
15.355217,24.841683,8.000000,-2.072027
15.301403,24.657159,8.000000,-2.063823
15.244364,24.470364,8.000000,-2.054659
15.184771,24.282561,8.000000,-2.044691
15.123290,24.095014,8.000000,-2.034077
15.060591,23.908986,8.000000,-2.022973
14.997342,23.725739,8.000000,-2.011537
14.934211,23.546539,8.000000,-1.999924
14.871868,23.372646,8.000000,-1.988292
14.810980,23.205326,8.000000,-1.976797
14.752215,23.045841,8.000000,-1.965597
14.696243,22.895454,8.000000,-1.954848
14.643732,22.755429,8.000000,-1.944706
14.595350,22.627028,8.000000,-1.935330
14.551721,22.511422,8.000000,-1.926865
14.512928,22.408635,8.000000,-1.919338
14.478694,22.317926,8.000000,-1.912695
14.448733,22.238539,8.000000,-1.906882
14.422761,22.169721,8.000000,-1.901843
14.400492,22.110716,8.000000,-1.897522
14.381642,22.060769,8.000000,-1.893864
14.365926,22.019126,8.000000,-1.890815
14.353058,21.985031,8.000000,-1.888318
14.342755,21.957730,8.000000,-1.886319
14.334730,21.936468,8.000000,-1.884762
14.328700,21.920490,8.000000,-1.883592
14.324379,21.909042,8.000000,-1.882754
14.321483,21.901367,8.000000,-1.882192
14.319726,21.896712,8.000000,-1.881851
14.318824,21.894322,8.000000,-1.881676
14.318492,21.893441,8.000000,-1.881612
14.318444,21.893315,8.000000,-1.881602
