9.989219,6.317976,6.384400,1.118326
9.988344,6.318444,6.384467,1.118322
9.982221,6.321717,6.384935,1.118289
9.965600,6.330602,6.386206,1.118202
9.933232,6.347903,6.388681,1.118033
9.879868,6.376426,6.392762,1.117754
9.800261,6.418978,6.398849,1.117337
9.689161,6.478364,6.407345,1.116755
9.541318,6.557388,6.418651,1.115981
9.351485,6.658858,6.433168,1.114987
9.114413,6.785578,6.451297,1.113745
8.824852,6.940354,6.473440,1.112229
8.477554,7.125991,6.499998,1.110411
8.067270,7.345296,6.531373,1.108262
7.588751,7.601074,6.567966,1.105756
7.036748,7.896130,6.610178,1.102866
6.406013,8.233271,6.658411,1.099563
5.691296,8.615301,6.713066,1.095821
4.887485,9.044972,6.774539,1.091611
3.996915,9.522063,6.842937,1.086909
3.033064,10.041904,6.917933,1.081691
2.010324,10.599461,6.999163,1.075936
0.943087,11.189699,7.086265,1.069621
-0.154254,11.807586,7.178877,1.062725
-1.267309,12.448086,7.276636,1.055224
-2.381685,13.106166,7.379180,1.047097
-3.482989,13.776791,7.486144,1.038321
-4.556830,14.454927,7.597168,1.028874
-5.588817,15.135541,7.711888,1.018733
-6.564556,15.813598,7.829942,1.007878
-7.469656,16.484064,7.950967,0.996284
-8.289725,17.141905,8.074600,0.983931
-9.010372,17.782087,8.200479,0.970795
-9.617203,18.399575,8.328241,0.956854
-10.095827,18.989336,8.457523,0.942087
-10.431852,19.546335,8.587963,0.926471
-10.612533,20.065694,8.719196,0.909971
-10.642541,20.544173,8.850832,0.892423
-10.537015,20.979517,8.982468,0.873584
-10.311239,21.369487,9.113698,0.853209
-9.980496,21.711840,9.244119,0.831055
-9.560068,22.004337,9.373326,0.806878
-9.065238,22.244738,9.500915,0.780434
-8.511290,22.430800,9.626481,0.751478
-7.913506,22.560284,9.749620,0.719767
-7.287170,22.630948,9.869927,0.685057
-6.647564,22.640553,9.986999,0.647103
-6.009970,22.586858,10.100431,0.605662
-5.389673,22.467621,10.209818,0.560490
-4.801955,22.280602,10.314757,0.511343
-4.262098,22.023561,10.414842,0.457976
-3.785386,21.694257,10.509670,0.400146
-3.387102,21.290448,10.598835,0.337608
-3.082529,20.809895,10.681935,0.270120
-2.882067,20.252047,10.758700,0.197633
-2.778777,19.622352,10.829347,0.120803
-2.761871,18.927595,10.894199,0.040439
-2.820559,18.174556,10.953581,-0.042647
-2.944053,17.370019,11.007817,-0.127647
-3.121564,16.520765,11.057229,-0.213749
-3.342303,15.633577,11.102143,-0.300144
-3.595481,14.715238,11.142881,-0.386021
-3.870310,13.772529,11.179768,-0.470570
-4.156001,12.812234,11.213126,-0.552982
-4.441764,11.841133,11.243281,-0.632445
-4.716811,10.866010,11.270556,-0.708151
-4.970354,9.893648,11.295274,-0.779287
-5.191602,8.930827,11.317760,-0.845046
-5.369769,7.984331,11.338337,-0.904615
-5.494064,7.060942,11.357329,-0.957186
-5.553699,6.167442,11.375059,-1.001947
-5.538042,5.310576,11.391848,-1.038104
-5.443063,4.495495,11.407821,-1.065473
-5.273635,3.725208,11.422844,-1.084694
-5.035255,3.002569,11.436765,-1.096469
-4.733422,2.330432,11.449431,-1.101496
-4.373634,1.711654,11.460691,-1.100474
-3.961390,1.149090,11.470392,-1.094104
-3.502189,0.645595,11.478381,-1.083085
-3.001528,0.204024,11.484507,-1.068117
-2.464906,-0.172768,11.488617,-1.049899
-1.897822,-0.481926,11.490558,-1.029131
-1.305775,-0.720594,11.490179,-1.006512
-0.694261,-0.885916,11.487327,-0.982742
-0.068781,-0.975038,11.481849,-0.958520
0.565167,-0.985105,11.473594,-0.934547
1.202085,-0.913261,11.462409,-0.911521
1.836475,-0.756651,11.448142,-0.890143
2.462838,-0.512420,11.430641,-0.871111
3.075763,-0.178357,11.409723,-0.855086
3.670652,0.241806,11.384936,-0.842362
4.243344,0.741126,11.355679,-0.833035
4.789683,1.312631,11.321351,-0.827200
5.305513,1.949348,11.281350,-0.824951
5.786677,2.644304,11.235076,-0.826383
6.229018,3.390526,11.181926,-0.831590
6.628381,4.181040,11.121299,-0.840666
6.980610,5.008874,11.052594,-0.853707
7.281548,5.867055,10.975210,-0.870806
7.527038,6.748609,10.888544,-0.892059
7.712925,7.646564,10.791996,-0.917560
7.835052,8.553947,10.684963,-0.947402
7.889264,9.463784,10.566846,-0.981682
7.871402,10.369104,10.437041,-1.020492
7.777312,11.262932,10.294949,-1.063929
7.602837,12.138295,10.139966,-1.112086
7.343822,12.988222,9.971493,-1.165057
6.998520,13.806756,9.789386,-1.222875
6.572798,14.591159,9.594957,-1.285375
6.074021,15.339321,9.389800,-1.352354
5.509552,16.049137,9.175511,-1.423606
4.886756,16.718497,8.953685,-1.498929
4.212998,17.345295,8.725918,-1.578119
3.495642,17.927424,8.493805,-1.660972
2.742053,18.462775,8.258942,-1.747285
1.959596,18.949242,8.022924,-1.836852
1.155634,19.384716,7.787347,-1.929472
0.337534,19.767092,7.553806,-2.024939
-0.487342,20.094260,7.323897,-2.123051
-1.311628,20.364113,7.099215,-2.223603
-2.127959,20.574545,6.881355,-2.326392
-2.928972,20.723448,6.671913,-2.431214
-3.707301,20.808713,6.472485,-2.537865
-4.455582,20.828235,6.284666,-2.646141
-5.166530,20.779989,6.110025,-2.755839
-5.835527,20.664770,5.949216,-2.866738
-6.461194,20.486795,5.801790,-2.978598
-7.042345,20.250489,5.667228,-3.091180
-7.577798,19.960274,5.545011,3.078941
-8.066366,19.620573,5.434622,2.965637
-8.506866,19.235810,5.335543,2.852331
-8.898113,18.810408,5.247255,2.739265
-9.238922,18.348791,5.169241,2.626679
-9.528110,17.855381,5.100981,2.514813
-9.764491,17.334603,5.041959,2.403908
-9.946882,16.790879,4.991656,2.294204
-10.074097,16.228632,4.949554,2.185940
-10.144952,15.652287,4.915134,2.079358
-10.158263,15.066266,4.887879,1.974698
-10.112845,14.474993,4.867271,1.872200
-10.007514,13.882890,4.852791,1.772104
-9.841086,13.294382,4.843922,1.674651
-9.612801,12.713531,4.840138,1.580090
-9.325354,12.141483,4.840868,1.488745
-8.983105,11.577974,4.845515,1.400974
-8.590429,11.022728,4.853481,1.317138
-8.151699,10.475472,4.864171,1.237595
-7.671289,9.935930,4.876988,1.162705
-7.153572,9.403827,4.891334,1.092829
-6.602922,8.878890,4.906614,1.028324
-6.023712,8.360844,4.922231,0.969551
-5.420316,7.849414,4.937587,0.916868
-4.797107,7.344325,4.952086,0.870637
-4.158459,6.845304,4.965132,0.831215
-3.508745,6.352074,4.976128,0.798963
-2.852339,5.864363,4.984477,0.774239
-2.193615,5.381895,4.989582,0.757404
-1.536946,4.904395,4.990847,0.748817
-0.886705,4.431589,4.987674,0.748837
-0.247265,3.963204,4.979469,0.757823
0.377251,3.500033,4.966213,0.775761
0.983429,3.045872,4.949516,0.801584
1.567978,2.605038,4.931269,0.834043
2.127608,2.181851,4.913365,0.871887
2.659026,1.780630,4.897698,0.913868
3.158943,1.405692,4.886160,0.958736
3.624067,1.061357,4.880644,1.005240
4.051108,0.751943,4.883041,1.052131
4.436774,0.481769,4.895246,1.098160
4.777774,0.255154,4.919151,1.142077
5.070818,0.076416,4.956649,1.182632
5.312614,-0.050126,5.009631,1.218575
5.499871,-0.120153,5.079992,1.248657
5.629299,-0.129347,5.169623,1.271627
5.697606,-0.073388,5.280417,1.286237
5.701502,0.052041,5.414268,1.291237
5.637696,0.251259,5.573067,1.285377
5.503040,0.528411,5.758627,1.267442
5.298324,0.882897,5.970533,1.237196
5.028642,1.308922,6.205940,1.195469
4.699310,1.800429,6.461878,1.143146
4.315641,2.351359,6.735374,1.081112
3.882950,2.955654,7.023460,1.010253
3.406551,3.607256,7.323165,0.931452
2.891760,4.300107,7.631517,0.845596
2.343890,5.028148,7.945547,0.753569
1.768257,5.785321,8.262284,0.656257
1.170174,6.565568,8.578758,0.554544
0.554956,7.362831,8.891997,0.449316
-0.072083,8.171051,9.199032,0.341457
-0.705627,8.984171,9.496892,0.231853
-1.340363,9.796131,9.782606,0.121388
-1.970976,10.600875,10.053205,0.010949
-2.592151,11.392343,10.305716,-0.098581
-3.198575,12.164477,10.537170,-0.206316
-3.785498,12.911590,10.744989,-0.311458
-4.352207,13.630625,10.929380,-0.413833
-4.899734,14.319669,11.091761,-0.513535
-5.429120,14.976812,11.233554,-0.610660
-5.941404,15.600144,11.356181,-0.705305
-6.437628,16.187756,11.461062,-0.797564
-6.918829,16.737739,11.549622,-0.887535
-7.386050,17.248181,11.623280,-0.975312
-7.840331,17.717175,11.683460,-1.060992
-8.282710,18.142810,11.731583,-1.144671
-8.714229,18.523177,11.769070,-1.226445
-9.135927,18.856366,11.797345,-1.306409
-9.548845,19.140468,11.817828,-1.384659
-9.954023,19.373572,11.831942,-1.461292
-10.352501,19.553770,11.841108,-1.536403
-10.745320,19.679152,11.846749,-1.610089
-11.133518,19.747808,11.850286,-1.682444
-11.518134,19.757832,11.853139,-1.753565
-11.899166,19.708449,11.856036,-1.823401
-12.274002,19.601731,11.857964,-1.891532
-12.639629,19.440188,11.857644,-1.957482
-12.993033,19.226328,11.853793,-2.020775
-13.331200,18.962662,11.845132,-2.080935
-13.651116,18.651700,11.830380,-2.137485
-13.949768,18.295949,11.808257,-2.189950
-14.224142,17.897922,11.777483,-2.237854
-14.471224,17.460126,11.736775,-2.280720
-14.688000,16.985072,11.684855,-2.318072
-14.871457,16.475269,11.620442,-2.349434
-15.018580,15.933227,11.542254,-2.374330
-15.126356,15.361455,11.449012,-2.392283
-15.191771,14.762463,11.339434,-2.402819
-15.211811,14.138761,11.212241,-2.405460
-15.183462,13.492859,11.066152,-2.399730
-15.103712,12.827265,10.899886,-2.385154
-14.969672,12.144520,10.712251,-2.361290
-14.781311,11.447841,10.504034,-2.328469
-14.541415,10.741115,10.277975,-2.287790
-14.252890,10.028255,10.036901,-2.240383
-13.918642,9.313177,9.783634,-2.187376
-13.541576,8.599795,9.520999,-2.129899
-13.124599,7.892024,9.251821,-2.069083
-12.670615,7.193779,8.978923,-2.006056
-12.182532,6.508973,8.705130,-1.941948
-11.663254,5.841523,8.433266,-1.877889
-11.115687,5.195342,8.166155,-1.815008
-10.542738,4.574346,7.906623,-1.754436
-9.947313,3.982448,7.657492,-1.697301
-9.332316,3.423564,7.421588,-1.644734
-8.700654,2.901608,7.201734,-1.597863
-8.055232,2.420494,7.000755,-1.557819
-7.398957,1.984138,6.821475,-1.525731
-6.734735,1.596455,6.666719,-1.502729
-6.065371,1.260977,6.538776,-1.489775
-5.393049,0.978850,6.436579,-1.486776
-4.719710,0.750293,6.357760,-1.493233
-4.047296,0.575521,6.299950,-1.508643
-3.377748,0.454751,6.260776,-1.532506
-2.713007,0.388200,6.237870,-1.564321
-2.055014,0.376085,6.228860,-1.603586
-1.405710,0.418622,6.231377,-1.649801
-0.767036,0.516028,6.243049,-1.702463
-0.140933,0.668518,6.261506,-1.761073
0.470658,0.876311,6.284378,-1.825127
1.065795,1.139622,6.309295,-1.894127
1.642537,1.458668,6.333886,-1.967569
2.198944,1.833666,6.355780,-2.044954
2.733075,2.264832,6.372607,-2.125779
3.242987,2.752383,6.381997,-2.209544
3.726740,3.296535,6.381579,-2.295747
4.182395,3.897497,6.368989,-2.383887
4.608257,4.553601,6.343178,-2.473346
5.003189,5.258975,6.306051,-2.563246
5.366127,6.007174,6.259914,-2.652673
5.696007,6.791752,6.207074,-2.740713
5.991767,7.606264,6.149836,-2.826454
6.252342,8.444265,6.090507,-2.908982
6.476669,9.299309,6.031394,-2.987383
6.663686,10.164952,5.974802,-3.060744
6.812328,11.034747,5.923038,-3.128151
6.921532,11.902249,5.878409,3.094494
6.990234,12.761013,5.843220,3.041736
7.017373,13.604594,5.819779,2.997671
7.001883,14.426546,5.810390,2.963214
6.942702,15.220425,5.817361,2.939279
6.838766,15.979784,5.842999,2.926778
6.689011,16.698178,5.889608,2.926626
6.492375,17.369162,5.959496,2.939736
6.247893,17.986527,6.054844,2.966948
5.956440,18.548504,6.175469,3.007714
5.620535,19.057274,6.319088,3.060256
5.242752,19.515160,6.483342,3.122748
4.825667,19.924483,6.665873,-3.089819
4.371854,20.287563,6.864324,-3.012897
3.883888,20.606722,7.076337,-2.931496
3.364343,20.884282,7.299553,-2.847439
2.815795,21.122563,7.531614,-2.762551
2.240819,21.323886,7.770163,-2.678654
1.641989,21.490573,8.012842,-2.597574
1.021880,21.624944,8.257292,-2.521134
0.383067,21.729322,8.501156,-2.451157
-0.271876,21.806026,8.742075,-2.389468
-0.940373,21.857379,8.977693,-2.337890
-1.619849,21.885701,9.205650,-2.298247
-2.307730,21.893314,9.423589,-2.272362
-3.001442,21.882538,9.629152,-2.262061
-3.698295,21.855291,9.820191,-2.268777
-4.394974,21.811244,9.995731,-2.291790
-5.087946,21.749293,10.155200,-2.329629
-5.773676,21.668332,10.298026,-2.380828
-6.448632,21.567256,10.423639,-2.443916
-7.109280,21.444959,10.531468,-2.517426
-7.752086,21.300337,10.620941,-2.599888
-8.373516,21.132285,10.691487,-2.689834
-8.970038,20.939696,10.742535,-2.785795
-9.538117,20.721466,10.773514,-2.886302
-10.074220,20.476490,10.783852,-2.989887
-10.574813,20.203661,10.772979,-3.095080
-11.036363,19.901876,10.740323,3.082772
-11.455337,19.570028,10.685313,2.978768
-11.828200,19.207013,10.607378,2.877562
-12.151420,18.811725,10.505947,2.780622
-12.421462,18.383059,10.380449,2.689417
-12.634806,17.919919,10.230319,2.605411
-12.789762,17.422452,10.055981,2.529375
-12.888316,16.893304,9.859845,2.460690
-12.932892,16.335421,9.644556,2.398569
-12.925917,15.751747,9.412760,2.342227
-12.869816,15.145230,9.167105,2.290877
-12.767015,14.518813,8.910235,2.243733
-12.619940,13.875442,8.644798,2.200009
-12.431016,13.218063,8.373439,2.158918
-12.202669,12.549621,8.098805,2.119675
-11.937325,11.873061,7.823542,2.081493
-11.637410,11.191329,7.550297,2.043586
-11.305348,10.507370,7.281715,2.005168
-10.943567,9.824129,7.020443,1.965452
-10.554491,9.144553,6.769127,1.923654
-10.140546,8.471585,6.530413,1.878985
-9.704158,7.808172,6.306948,1.830660
-9.247752,7.157259,6.101378,1.777894
-8.773709,6.521810,5.916218,1.719937
-8.283676,5.905088,5.751896,1.656633
-7.778713,5.310597,5.607163,1.588304
-7.259862,4.741847,5.480726,1.515286
-6.728168,4.202348,5.371288,1.437912
-6.184673,3.695610,5.277555,1.356518
-5.630422,3.225144,5.198231,1.271438
-5.066456,2.794459,5.132022,1.183008
-4.493820,2.407066,5.077631,1.091561
-3.913556,2.066475,5.033766,0.997433
-3.326709,1.776195,4.999129,0.900958
-2.734321,1.539738,4.972426,0.802472
-2.137435,1.360613,4.952362,0.702308
-1.537096,1.242331,4.937642,0.600802
-0.934345,1.188401,4.926970,0.498289
-0.330228,1.202333,4.919053,0.395104
0.274215,1.287639,4.912593,0.291580
0.877938,1.447828,4.906297,0.188053
1.479622,1.685240,4.899044,0.084796
2.076581,1.996457,4.890575,-0.018225
2.665713,2.376285,4.880896,-0.121138
3.243911,2.819534,4.870011,-0.224069
3.808072,3.321011,4.857927,-0.327148
4.355091,3.875524,4.844649,-0.430501
4.881864,4.477881,4.830184,-0.534256
5.385286,5.122890,4.814535,-0.638541
5.862252,5.805358,4.797710,-0.743483
6.309658,6.520095,4.779714,-0.849210
6.724400,7.261907,4.760552,-0.955850
7.103374,8.025603,4.740231,-1.063531
7.443474,8.805991,4.718755,-1.172379
7.741596,9.597879,4.696130,-1.282522
7.994635,10.396074,4.672362,-1.394089
8.199488,11.195384,4.647457,-1.507207
8.353050,11.990618,4.621420,-1.622004
8.452232,12.776595,4.594257,-1.738604
8.495438,13.549149,4.566038,-1.856994
8.483764,14.305949,4.536942,-1.976898
8.418589,15.044855,4.507163,-2.098019
8.301289,15.763727,4.476892,-2.220054
8.133243,16.460427,4.446322,-2.342706
7.915829,17.132814,4.415646,-2.465674
7.650424,17.778748,4.385056,-2.588657
7.338407,18.396090,4.354745,-2.711357
6.981155,18.982700,4.324905,-2.833473
6.580046,19.536438,4.295729,-2.954705
6.136457,20.055165,4.267409,-3.074754
5.651768,20.536742,4.240137,3.089866
5.127355,20.979027,4.214107,2.973083
4.564597,21.379883,4.189510,2.858384
3.964871,21.737168,4.166539,2.746067
3.329555,22.048744,4.145386,2.636434
2.660027,22.312470,4.126245,2.529783
1.957803,22.526354,4.109336,2.426417
1.226271,22.690393,4.095270,2.326667
0.470175,22.806026,4.084942,2.230888
-0.305709,22.874725,4.079250,2.139431
-1.096609,22.897960,4.079095,2.052652
-1.897749,22.877203,4.085378,1.970904
-2.704355,22.813924,4.098997,1.894541
-3.511654,22.709595,4.120852,1.823916
-4.314870,22.565686,4.151844,1.759384
-5.109231,22.383668,4.192873,1.701298
-5.889960,22.165013,4.244838,1.650011
-6.652284,21.911191,4.308639,1.605878
-7.391430,21.623673,4.385176,1.569252
-8.102622,21.303930,4.475349,1.540487
-8.781086,20.953434,4.580058,1.519937
-9.422048,20.573655,4.700203,1.507955
-10.020734,20.166065,4.836683,1.504895
-10.572369,19.732133,4.990399,1.511112
-11.072777,19.273603,5.161854,1.526709
-11.520390,18.793399,5.349814,1.550706
-11.914354,18.294772,5.552572,1.581821
-12.253816,17.780972,5.768421,1.618776
-12.537922,17.255246,5.995654,1.660292
-12.765819,16.720847,6.232563,1.705088
-12.936652,16.181022,6.477441,1.751886
-13.049569,15.639021,6.728581,1.799405
-13.103715,15.098095,6.984275,1.846366
-13.098237,14.561492,7.242816,1.891491
-13.032281,14.032462,7.502496,1.933498
-12.904994,13.514255,7.761609,1.971110
-12.715521,13.010120,8.018447,2.003045
-12.463010,12.523308,8.271302,2.028026
-12.146606,12.057067,8.518468,2.044771
-11.765456,11.614647,8.758237,2.052003
-11.318707,11.199297,8.988901,2.048441
-10.805541,10.814252,9.208760,2.032818
-10.227679,10.461649,9.416543,2.004735
-9.590950,10.141854,9.611672,1.965196
-8.901555,9.855070,9.793637,1.915333
-8.165699,9.601501,9.961924,1.856280
-7.389586,9.381348,10.116021,1.789167
-6.579417,9.194816,10.255417,1.715129
-5.741397,9.042108,10.379598,1.635296
-4.881728,8.923426,10.488053,1.550802
-4.006615,8.838974,10.580268,1.462780
-3.122260,8.788956,10.655733,1.372361
-2.234867,8.773574,10.713934,1.280677
-1.350638,8.793031,10.754358,1.188863
-0.475778,8.847531,10.776495,1.098049
0.383510,8.937276,10.779831,1.009369
1.221024,9.062471,10.763854,0.923955
2.030560,9.223317,10.728053,0.842938
2.805914,9.420019,10.671913,0.767453
3.541124,9.652624,10.595022,0.698542
4.233049,9.919353,10.498122,0.636200
4.880387,10.217236,10.382710,0.579741
5.481868,10.543286,10.250294,0.528466
6.036221,10.894511,10.102383,0.481676
6.542174,11.267925,9.940485,0.438673
6.998457,11.660536,9.766109,0.398759
7.403799,12.069357,9.580765,0.361234
7.756930,12.491398,9.385960,0.325401
8.056578,12.923670,9.183204,0.290561
8.301473,13.363184,8.974006,0.256015
8.490343,13.806951,8.759873,0.221066
8.621919,14.251981,8.542315,0.185013
8.694929,14.695286,8.322841,0.147159
8.708102,15.133876,8.102959,0.106806
8.660168,15.564762,7.884178,0.063254
8.549856,15.984956,7.668007,0.015806
8.375895,16.391468,7.455955,-0.036238
8.137785,16.781692,7.249298,-0.093384
7.838025,17.154513,7.048410,-0.155392
7.479838,17.509178,6.853448,-0.221845
7.066450,17.844932,6.664566,-0.292323
6.601086,18.161022,6.481921,-0.366405
6.086969,18.456692,6.305668,-0.443674
5.527325,18.731191,6.135962,-0.523709
4.925378,18.983763,5.972960,-0.606091
4.284352,19.213655,5.816817,-0.690400
3.607474,19.420113,5.667688,-0.776218
2.897966,19.602383,5.525730,-0.863125
2.159054,19.759711,5.391097,-0.950701
1.393963,19.891343,5.263946,-1.038527
0.605916,19.996525,5.144432,-1.126184
-0.201861,20.074504,5.032711,-1.213252
-1.026143,20.124525,4.928938,-1.299312
-1.863706,20.145834,4.833269,-1.383945
-2.711320,20.137696,4.745864,-1.466736
-3.565426,20.100312,4.667124,-1.547535
-4.421993,20.035243,4.597799,-1.626576
-5.276950,19.944162,4.538666,-1.704124
-6.126227,19.828740,4.490503,-1.780443
-6.965755,19.690648,4.454089,-1.855797
-7.791464,19.531558,4.430200,-1.930452
-8.599283,19.353140,4.419614,-2.004671
-9.385143,19.157065,4.423111,-2.078720
-10.144973,18.945006,4.441466,-2.152862
-10.874705,18.718633,4.475458,-2.227363
-11.570267,18.479618,4.525865,-2.302486
-12.227589,18.229631,4.593464,-2.378497
-12.842603,17.970344,4.679033,-2.455660
-13.411237,17.703429,4.783351,-2.534239
-13.929422,17.430556,4.907194,-2.614499
-14.393089,17.153397,5.051340,-2.696705
-14.798166,16.873622,5.216568,-2.781120
-15.140934,16.592743,5.403477,-2.867966
-15.421249,16.310613,5.610845,-2.957017
-15.641061,16.026123,5.836388,-3.047784
-15.802345,15.738149,6.077803,-3.139776
-15.907077,15.445567,6.332793,3.050684
-15.957232,15.147254,6.599057,2.957717
-15.954786,14.842086,6.874294,2.864999
-15.901714,14.528940,7.156206,2.773021
-15.799993,14.206692,7.442493,2.682276
-15.651598,13.874219,7.730854,2.593253
-15.458504,13.530397,8.018990,2.506446
-15.222687,13.174102,8.304600,2.422345
-14.946123,12.804212,8.585386,2.341441
-14.630788,12.419602,8.859047,2.264227
-14.278656,12.019149,9.123284,2.191192
-13.891704,11.601729,9.375796,2.122830
-13.471907,11.166220,9.614284,2.059630
-13.021241,10.711497,9.836447,2.002085
-12.541784,10.237051,10.040566,1.950517
-12.035972,9.744492,10.226913,1.904668
-11.506314,9.235884,10.396192,1.864153
-10.955323,8.713293,10.549107,1.828590
-10.385508,8.178783,10.686361,1.797594
-9.799381,7.634421,10.808660,1.770781
-9.199454,7.082271,10.916705,1.747768
-8.588236,6.524400,11.011202,1.728171
-7.968240,5.962871,11.092853,1.711605
-7.341975,5.399751,11.162363,1.697688
-6.711954,4.837105,11.220435,1.686034
-6.080687,4.276998,11.267773,1.676261
-5.450684,3.721495,11.305081,1.667985
-4.824458,3.172662,11.333063,1.660821
-4.204519,2.632563,11.352422,1.654387
-3.593379,2.103265,11.363862,1.648297
-2.993547,1.586833,11.368086,1.642169
-2.407505,1.085341,11.365799,1.635624
-1.836521,0.601296,11.357685,1.628548
-1.280272,0.137761,11.344403,1.621166
-0.738326,-0.302160,11.326614,1.613730
-0.210253,-0.715363,11.304974,1.606488
0.304380,-1.098745,11.280143,1.599692
0.806002,-1.449203,11.252779,1.593591
1.295045,-1.763632,11.223542,1.588436
1.771940,-2.038930,11.193089,1.584477
2.237120,-2.271992,11.162079,1.581963
2.691013,-2.459717,11.131170,1.581146
3.134053,-2.598999,11.101022,1.582275
3.566670,-2.686736,11.072293,1.585600
3.989295,-2.719824,11.045641,1.591371
4.402360,-2.695160,11.021725,1.599840
4.806295,-2.609639,11.001203,1.611255
5.201532,-2.460160,10.984735,1.625867
5.588502,-2.243617,10.972978,1.643927
5.967329,-1.957544,10.966425,1.665631
6.335393,-1.605138,10.964072,1.690712
6.688632,-1.192577,10.964134,1.718655
7.022973,-0.726064,10.964817,1.748945
7.334341,-0.211803,10.964327,1.781066
7.618662,0.344004,10.960871,1.814501
7.871861,0.935152,10.952655,1.848734
8.089866,1.555439,10.937886,1.883251
8.268600,2.198661,10.914770,1.917533
8.403990,2.858615,10.881514,1.951067
8.491963,3.529097,10.836323,1.983335
8.528442,4.203905,10.777406,2.013822
8.509356,4.876833,10.702967,2.042011
8.430628,5.541680,10.611213,2.067387
8.288186,6.192242,10.500352,2.089434
8.077954,6.822315,10.368589,2.107635
7.795859,7.425697,10.214130,2.121475
7.437827,7.996184,10.035183,2.130438
7.002052,8.529317,9.831086,2.134196
6.493679,9.025983,9.604640,2.132996
5.919183,9.488090,9.359314,2.127198
5.285036,9.917548,9.098572,2.117159
4.597714,10.316265,8.825881,2.103238
3.863691,10.686150,8.544707,2.085792
3.089439,11.029112,8.258515,2.065181
2.281435,11.347058,7.970774,2.041763
1.446151,11.641899,7.684947,2.015895
0.590061,11.915542,7.404502,1.987936
-0.280360,12.169897,7.132905,1.958244
-1.158638,12.406871,6.873621,1.927178
-2.038299,12.628375,6.630117,1.895096
-2.912870,12.836316,6.405860,1.862356
-3.775875,13.032603,6.204314,1.829317
-4.620841,13.219145,6.028946,1.796336
-5.441295,13.397851,5.883223,1.763772
-6.230809,13.570594,5.770519,1.731975
-6.984488,13.738137,5.691301,1.701042
-7.699246,13.899927,5.642599,1.670769
-8.372101,14.055336,5.621243,1.640936
-9.000070,14.203736,5.624061,1.611323
-9.580174,14.344498,5.647884,1.581707
-10.109429,14.476994,5.689542,1.551869
-10.584854,14.600594,5.745864,1.521587
-11.003468,14.714672,5.813681,1.490642
-11.362288,14.818597,5.889822,1.458811
-11.658334,14.911743,5.971117,1.425875
-11.888623,14.993480,6.054395,1.391613
-12.050174,15.063180,6.136488,1.355804
-12.140005,15.120215,6.214224,1.318227
-12.155134,15.163956,6.284434,1.278661
-12.092580,15.193775,6.343946,1.236886
-11.949361,15.209043,6.389592,1.192681
-11.722495,15.209132,6.418201,1.145826
-11.409803,15.193430,6.427101,1.096184
-11.015386,15.161456,6.417529,1.044288
-10.546304,15.112792,6.392559,0.990986
-10.009633,15.047018,6.355279,0.937128
-9.412450,14.963716,6.308774,0.883561
-8.761834,14.862468,6.256131,0.831135
-8.064859,14.742854,6.200437,0.780700
-7.328604,14.604455,6.144778,0.733105
-6.560145,14.446854,6.092240,0.689199
-5.766560,14.269631,6.045910,0.649830
-4.954925,14.072367,6.008874,0.615849
-4.132317,13.854644,5.984219,0.588104
-3.305814,13.616043,5.975031,0.567444
-2.482491,13.356146,5.984397,0.554719
-1.669427,13.074534,6.015403,0.550779
-0.873698,12.770787,6.071135,0.556471
-0.102380,12.444488,6.154680,0.572645
0.637450,12.095217,6.269122,0.600150
1.340268,11.723062,6.415937,0.639428
2.004783,11.329482,6.592205,0.689806
2.630419,10.916171,6.794264,0.750424
3.216603,10.484822,7.018450,0.820423
3.762759,10.037131,7.261099,0.898943
4.268313,9.574789,7.518548,0.985124
4.732690,9.099492,7.787134,1.078105
5.155317,8.612932,8.063193,1.177026
5.535617,8.116803,8.343062,1.281028
5.873017,7.612800,8.623078,1.389251
6.166942,7.102615,8.899576,1.500835
6.416818,6.587943,9.168895,1.614919
6.622069,6.070477,9.427370,1.730644
6.782121,5.551912,9.671338,1.847149
6.896400,5.033939,9.897136,1.963575
6.964332,4.518254,10.101100,2.079062
6.985340,4.006550,10.279567,2.192749
6.958899,3.500540,10.428971,2.303789
6.885698,3.002410,10.548252,2.411641
6.767730,2.514858,10.639029,2.516091
6.607048,2.040603,10.703050,2.616943
6.405707,1.582366,10.742060,2.713999
6.165762,1.142868,10.757810,2.807063
5.889267,0.724829,10.752045,2.895937
5.578276,0.330969,10.726515,2.980424
5.234844,-0.035990,10.682966,3.060328
4.861025,-0.373328,10.623146,3.135451
4.458874,-0.678325,10.548803,-3.077590
4.030445,-0.948260,10.461685,-3.012620
3.577793,-1.180413,10.363539,-2.953022
3.102971,-1.372063,10.256113,-2.898993
2.608036,-1.520490,10.141155,-2.850731
2.095040,-1.622972,10.020412,-2.808432
1.566039,-1.676790,9.895632,-2.772293
1.023086,-1.679223,9.768563,-2.742511
0.468306,-1.628054,9.640845,-2.719247
-0.095710,-1.524543,9.513379,-2.702407
-0.666167,-1.371414,9.386754,-2.691789
-1.240275,-1.171395,9.261559,-2.687194
-1.815239,-0.927216,9.138380,-2.688418
-2.388267,-0.641607,9.017807,-2.695261
-2.956565,-0.317295,8.900428,-2.707521
-3.517342,0.042988,8.786830,-2.724997
-4.067804,0.436515,8.677602,-2.747489
-4.605157,0.860556,8.573331,-2.774793
-5.126610,1.312382,8.474606,-2.806710
-5.629370,1.789263,8.382014,-2.843037
-6.110642,2.288471,8.296145,-2.883574
-6.567636,2.807276,8.217585,-2.928119
-6.997556,3.342950,8.146923,-2.976471
-7.397612,3.892762,8.084747,-3.028428
-7.765009,4.453984,8.031645,-3.083789
-8.096958,5.023887,7.988204,3.140832
-8.391622,5.600311,7.954670,3.079285
-8.649484,6.182467,7.930454,3.015017
-8.871380,6.769778,7.914843,2.948298
-9.058143,7.361664,7.907125,2.879398
-9.210605,7.957544,7.906586,2.808585
-9.329600,8.556841,7.912513,2.736129
-9.415961,9.158973,7.924195,2.662300
-9.470523,9.763362,7.940916,2.587367
-9.494117,10.369429,7.961966,2.511599
-9.487578,10.976593,7.986630,2.435265
-9.451739,11.584275,8.014196,2.358636
-9.387433,12.191896,8.043952,2.281981
-9.295493,12.798876,8.075183,2.205568
-9.176753,13.404636,8.107177,2.129668
-9.032047,14.008597,8.139221,2.054550
-8.862207,14.610178,8.170603,1.980483
-8.668067,15.208801,8.200608,1.907736
-8.450473,15.803829,8.228558,1.836575
-8.210552,16.393432,8.254461,1.767151
-7.949700,16.974625,8.278994,1.699511
-7.669324,17.544380,8.302859,1.633697
-7.370831,18.099665,8.326758,1.569750
-7.055628,18.637452,8.351394,1.507712
-6.725122,19.154709,8.377469,1.447625
-6.380720,19.648408,8.405685,1.389530
-6.023828,20.115519,8.436746,1.333470
-5.655855,20.553011,8.471352,1.279485
-5.278207,20.957854,8.510208,1.227618
-4.892291,21.327019,8.554014,1.177910
-4.499514,21.657476,8.603475,1.130403
-4.101283,21.946195,8.659291,1.085139
-3.699004,22.190145,8.722165,1.042159
-3.294086,22.386298,8.792801,1.001505
-2.887935,22.531623,8.871899,0.963220
-2.481958,22.623090,8.960163,0.927343
-2.077464,22.658183,9.058080,0.893891
-1.675160,22.637515,9.164822,0.862713
-1.275530,22.562879,9.279067,0.833597
-0.879056,22.436068,9.399493,0.806331
-0.486219,22.258875,9.524778,0.780702
-0.097501,22.033095,9.653598,0.756498
0.286614,21.760521,9.784632,0.733507
0.665646,21.442947,9.916557,0.711517
1.039112,21.082166,10.048050,0.690315
1.406529,20.679973,10.177789,0.669689
1.767417,20.238162,10.304451,0.649427
2.121292,19.758525,10.426714,0.629317
2.467674,19.242857,10.543254,0.609146
2.806078,18.692951,10.652750,0.588702
3.136025,18.110601,10.753879,0.567773
3.457030,17.497602,10.845319,0.546147
3.768614,16.855746,10.925746,0.523611
4.070290,16.186830,10.993841,0.499954
4.361155,15.493220,11.048718,0.475092
4.639388,14.778518,11.090439,0.449222
4.903047,14.046493,11.119193,0.422578
5.150190,13.300911,11.135168,0.395393
5.378876,12.545540,11.138551,0.367901
5.587162,11.784148,11.129530,0.340335
5.773107,11.020502,11.108293,0.312929
5.934770,10.258368,11.075029,0.285916
6.070207,9.501515,11.029924,0.259529
6.177478,8.753710,10.973168,0.234004
6.254640,8.018721,10.904947,0.209572
6.299752,7.300314,10.825449,0.186467
6.310872,6.602256,10.734864,0.164923
6.286058,5.928317,10.633378,0.145174
6.223369,5.282262,10.521179,0.127453
6.120862,4.667859,10.398455,0.111993
5.976596,4.088875,10.265395,0.099029
5.788763,3.548984,10.122204,0.088782
5.557985,3.050156,9.969420,0.081265
5.286991,2.592884,9.807867,0.076311
4.978579,2.177613,9.638381,0.073747
4.635546,1.804786,9.461795,0.073400
4.260691,1.474850,9.278943,0.075095
3.856813,1.188247,9.090660,0.078660
3.426710,0.945423,8.897780,0.083921
2.973179,0.746822,8.701137,0.090706
2.499019,0.592889,8.501566,0.098839
2.007029,0.484067,8.299901,0.108149
1.500006,0.420801,8.096977,0.118461
0.980748,0.403537,7.893626,0.129603
0.452055,0.432717,7.690685,0.141401
-0.083276,0.508787,7.488986,0.153681
-0.622447,0.632191,7.289365,0.166270
-1.162659,0.803374,7.092656,0.178995
-1.701115,1.022780,6.899692,0.191683
-2.234885,1.290390,6.711325,0.204144
-2.760346,1.603687,6.528491,0.216104
-3.273637,1.959315,6.352155,0.227260
-3.770897,2.353919,6.183284,0.237310
-4.248267,2.784142,6.022843,0.245952
-4.701887,3.246627,5.871798,0.252883
-5.127896,3.738020,5.731115,0.257799
-5.522435,4.254963,5.601759,0.260399
-5.881643,4.794100,5.484696,0.260381
-6.201660,5.352075,5.380892,0.257440
-6.478627,5.925533,5.291313,0.251275
-6.708683,6.511117,5.216924,0.241583
-6.887967,7.105470,5.158691,0.228062
-7.012621,7.705237,5.117581,0.210408
-7.078784,8.307061,5.094558,0.188320
-7.082595,8.907586,5.090588,0.161494
-7.020195,9.503457,5.106637,0.129628
-6.887748,10.091319,5.143664,0.092423
-6.684348,10.668204,5.201709,0.049968
-6.414825,11.231896,5.279014,0.003114
-6.084671,11.780262,5.373615,-0.047199
-5.699381,12.311172,5.483549,-0.100034
-5.264445,12.822497,5.606851,-0.154450
-4.785359,13.312106,5.741555,-0.209509
-4.267614,13.777867,5.885699,-0.264272
-3.716704,14.217651,6.037317,-0.317800
-3.138121,14.629327,6.194445,-0.369154
-2.537359,15.010764,6.355119,-0.417394
-1.919911,15.359833,6.517374,-0.461583
-1.291270,15.674402,6.679245,-0.500780
-0.656928,15.952341,6.838769,-0.534047
-0.022379,16.191520,6.993981,-0.560445
0.606885,16.389807,7.142917,-0.579034
1.225370,16.545074,7.283611,-0.588877
1.827583,16.655188,7.414101,-0.589033
2.408221,16.718134,7.532496,-0.578626
2.964874,16.733648,7.638066,-0.557726
3.497397,16.702837,7.730985,-0.527147
4.005706,16.626844,7.811453,-0.487720
4.489717,16.506813,7.879668,-0.440277
4.949343,16.343886,7.935828,-0.385650
5.384501,16.139207,7.980133,-0.324672
5.795106,15.893918,8.012780,-0.258175
6.181072,15.609163,8.033969,-0.186990
6.542316,15.286086,8.043898,-0.111950
6.878753,14.925828,8.042765,-0.033887
7.190298,14.529535,8.030771,0.046367
7.476865,14.098347,8.008112,0.127979
7.738372,13.633410,7.974988,0.210119
7.974731,13.135866,7.931598,0.291952
8.185860,12.606857,7.878140,0.372649
8.371673,12.047528,7.814813,0.451376
8.532086,11.459022,7.741815,0.527301
8.666947,10.843138,7.659612,0.599751
8.775790,10.204815,7.569941,0.668817
8.858053,9.549930,7.474919,0.734813
8.913176,8.884360,7.376664,0.798058
8.940597,8.213981,7.277294,0.858867
8.939755,7.544670,7.178928,0.917557
8.910088,6.882305,7.083681,0.974446
8.851036,6.232761,6.993673,1.029849
8.762037,5.601915,6.911020,1.084084
8.642530,4.995645,6.837842,1.137467
8.491953,4.419827,6.776254,1.190315
8.309746,3.880338,6.728375,1.242945
8.095347,3.383054,6.696323,1.295672
7.848194,2.933852,6.682216,1.348815
7.567728,2.538609,6.688171,1.402689
7.253386,2.203202,6.716305,1.457612
6.904606,1.933508,6.768737,1.513900
6.520853,1.735365,6.847560,1.571868
6.103629,1.611362,6.952830,1.631711
5.658024,1.558385,7.081021,1.693415
5.189487,1.572741,7.228247,1.756942
4.703470,1.650736,7.390619,1.822256
4.205425,1.788679,7.564251,1.889319
3.700801,1.982875,7.745255,1.958095
3.195051,2.229634,7.929745,2.028548
2.693624,2.525260,8.113832,2.100639
2.201972,2.866063,8.293630,2.174334
1.725547,3.248348,8.465251,2.249594
1.269798,3.668423,8.624808,2.326383
0.840178,4.122596,8.768413,2.404664
0.442137,4.607173,8.892180,2.484400
0.081126,5.118462,8.992221,2.565555
-0.237404,5.652769,9.064649,2.648092
-0.508002,6.206403,9.105577,2.731973
-0.725217,6.775670,9.111116,2.817163
-0.884119,7.356929,9.077694,2.903614
-0.986630,7.947230,9.005845,2.991144
-1.039497,8.544106,8.899002,3.079479
-1.049569,9.145100,8.760655,-3.114845
-1.023692,9.747756,8.594296,-3.025736
-0.968715,10.349618,8.403417,-2.936655
-0.891487,10.948230,8.191510,-2.847882
-0.798854,11.541135,7.962065,-2.759694
-0.697665,12.125878,7.718576,-2.672368
-0.594767,12.700001,7.464532,-2.586183
-0.497009,13.261048,7.203426,-2.501415
-0.411239,13.806564,6.938750,-2.418344
-0.344305,14.334091,6.673994,-2.337246
-0.303053,14.841174,6.412652,-2.258400
-0.294333,15.325357,6.158213,-2.182082
-0.324993,15.784182,5.914170,-2.108572
-0.401880,16.215194,5.684015,-2.038147
-0.531842,16.615937,5.471238,-1.971084
-0.719238,16.984577,5.278662,-1.907570
-0.957860,17.321928,5.106261,-1.847399
-1.238699,17.629506,4.953255,-1.790265
-1.552744,17.908827,4.818865,-1.735860
-1.890985,18.161407,4.702311,-1.683875
-2.244411,18.388761,4.602812,-1.634003
-2.604012,18.592405,4.519589,-1.585936
-2.960778,18.773855,4.451863,-1.539367
-3.305698,18.934626,4.398852,-1.493987
-3.629761,19.076235,4.359778,-1.449489
-3.923958,19.200197,4.333861,-1.405565
-4.179278,19.308028,4.320320,-1.361907
-4.386711,19.401244,4.318375,-1.318208
-4.537246,19.481359,4.327248,-1.274159
-4.621872,19.549892,4.346158,-1.229453
-4.631581,19.608356,4.374324,-1.183782
-4.557360,19.658268,4.410968,-1.136838
-4.390307,19.701136,4.455310,-1.088320
-4.128184,19.738043,4.506578,-1.038328
-3.779279,19.769396,4.564015,-0.987594
-3.352803,19.795543,4.626866,-0.936906
-2.857968,19.816832,4.694375,-0.887053
-2.303988,19.833611,4.765787,-0.838824
-1.700075,19.846228,4.840344,-0.793006
-1.055441,19.855031,4.917291,-0.750388
-0.379298,19.860369,4.995873,-0.711759
0.319140,19.862590,5.075334,-0.677906
1.030662,19.862041,5.154918,-0.649618
1.746055,19.859071,5.233868,-0.627684
2.456106,19.854028,5.311430,-0.612892
3.151604,19.847260,5.386847,-0.606030
3.823335,19.839115,5.459364,-0.607887
4.462087,19.829942,5.528224,-0.619251
5.058647,19.820087,5.592672,-0.640910
5.603804,19.809900,5.651952,-0.673652
6.089004,19.799711,5.705364,-0.718145
6.513167,19.789650,5.752847,-0.773671
6.879956,19.779720,5.794745,-0.838634
7.193106,19.769923,5.831406,-0.911426
7.456354,19.760261,5.863180,-0.990438
7.673434,19.750734,5.890417,-1.074061
7.848084,19.741344,5.913466,-1.160686
7.984040,19.732092,5.932677,-1.248706
8.085037,19.722980,5.948399,-1.336509
8.154811,19.714010,5.960983,-1.422489
8.197099,19.705181,5.970777,-1.505036
8.215636,19.696497,5.978131,-1.582541
8.214159,19.687958,5.983394,-1.653396
8.196404,19.679565,5.986917,-1.715991
8.166107,19.671320,5.989048,-1.768718
8.127003,19.663225,5.990138,-1.809968
8.082830,19.655280,5.990536,-1.838132
8.037322,19.647487,5.990590,-1.851601
7.992986,19.639663,5.990777,-1.849313
7.947691,19.630930,5.992043,-1.832262
7.898216,19.620245,5.995446,-1.801928
7.841336,19.606566,6.002042,-1.759792
7.773829,19.588852,6.012892,-1.707332
7.692473,19.566060,6.029051,-1.646029
7.594045,19.537147,6.051578,-1.577362
7.475321,19.501072,6.081531,-1.502812
7.333080,19.456793,6.119968,-1.423857
7.164098,19.403267,6.167946,-1.341979
6.965154,19.339453,6.226523,-1.258656
6.733023,19.264307,6.296758,-1.175368
6.464484,19.176789,6.379707,-1.093596
6.156313,19.075855,6.476430,-1.014818
5.805288,18.960464,6.587983,-0.940515
5.408186,18.829574,6.715424,-0.872167
4.961785,18.682142,6.859812,-0.811254
4.462927,18.517159,7.022175,-0.759238
3.911616,18.335226,7.202173,-0.716809
3.312345,18.139223,7.397519,-0.683556
2.669943,17.932204,7.605777,-0.658985
1.989246,17.717226,7.824514,-0.642601
1.275084,17.497343,8.051295,-0.633909
0.532291,17.275611,8.283684,-0.632415
-0.234301,17.055084,8.519247,-0.637624
-1.019860,16.838817,8.755550,-0.649041
-1.819552,16.629865,8.990157,-0.666173
-2.628546,16.431284,9.220634,-0.688524
-3.442009,16.246128,9.444546,-0.715600
-4.255108,16.077453,9.659458,-0.746907
-5.063011,15.928313,9.862936,-0.781949
-5.860885,15.801764,10.052544,-0.820232
-6.643898,15.700861,10.225849,-0.861262
-7.407217,15.628658,10.380415,-0.904544
-8.146009,15.588211,10.513807,-0.949583
-8.855613,15.582175,10.623786,-0.995906
-9.533041,15.609260,10.710028,-1.043247
-10.176263,15.665929,10.773303,-1.091458
-10.783258,15.748618,10.814394,-1.140393
-11.352006,15.853763,10.834084,-1.189906
-11.880487,15.977800,10.833155,-1.239850
-12.366680,16.117165,10.812389,-1.290079
-12.808567,16.268294,10.772570,-1.340447
-13.204125,16.427625,10.714480,-1.390807
-13.551337,16.591592,10.638902,-1.441013
-13.848180,16.756632,10.546618,-1.490919
-14.092635,16.919182,10.438411,-1.540378
-14.282683,17.075677,10.315064,-1.589245
-14.416302,17.222554,10.177359,-1.637373
-14.491473,17.356248,10.026079,-1.684615
-14.506176,17.473197,9.862006,-1.730825
-14.458389,17.569835,9.685924,-1.775858
-14.346095,17.642601,9.498614,-1.819566
-14.168900,17.688710,9.301030,-1.861903
-13.931863,17.708000,9.094696,-1.903154
-13.641185,17.700853,8.881252,-1.943675
-13.303065,17.667652,8.662343,-1.983821
-12.923702,17.608780,8.439610,-2.023947
-12.509296,17.524621,8.214696,-2.064409
-12.066045,17.415557,7.989244,-2.105562
-11.600151,17.281971,7.764896,-2.147761
-11.117811,17.124246,7.543294,-2.191362
-10.625226,16.942766,7.326082,-2.236719
-10.128594,16.737913,7.114901,-2.284188
-9.634117,16.510071,6.911394,-2.334125
-9.147992,16.259622,6.717203,-2.386884
-8.676419,15.986950,6.533972,-2.442821
-8.225598,15.692438,6.363342,-2.502291
-7.801728,15.376468,6.206957,-2.565649
-7.411009,15.039424,6.066458,-2.633252
-7.059523,14.681691,5.943460,-2.705445
-6.748975,14.303754,5.838502,-2.782263
-6.475468,13.906227,5.750755,-2.863344
-6.234741,13.489728,5.679295,-2.948297
-6.022531,13.054879,5.623202,-3.036732
-5.834578,12.602301,5.581554,-3.128259
-5.666619,12.132613,5.553430,3.060696
-5.514392,11.646436,5.537909,2.964154
-5.373637,11.144391,5.534068,2.865689
-5.240091,10.627098,5.540987,2.765691
-5.109493,10.095178,5.557745,2.664550
-4.977581,9.549251,5.583419,2.562655
-4.840093,8.989938,5.617089,2.460398
-4.692768,8.417859,5.657832,2.358167
-4.531343,7.833634,5.704728,2.256353
-4.351558,7.237885,5.756856,2.155345
-4.149150,6.631232,5.813293,2.055534
-3.919858,6.014295,5.873119,1.957308
-3.659952,5.388031,5.935413,1.861040
-3.370302,4.756300,5.999262,1.766939
-3.054126,4.124449,6.063758,1.675131
-2.714664,3.497834,6.127992,1.585742
-2.355154,2.881813,6.191057,1.498900
-1.978834,2.281743,6.252043,1.414729
-1.588943,1.702981,6.310043,1.333356
-1.188721,1.150886,6.364147,1.254907
-0.781404,0.630814,6.413448,1.179509
-0.370233,0.148122,6.457037,1.107286
0.041555,-0.291831,6.494005,1.038366
0.450721,-0.683688,6.523444,0.972875
0.854025,-1.022093,6.544446,0.910938
1.248231,-1.301688,6.556102,0.852682
1.630098,-1.517114,6.557504,0.798233
1.996389,-1.663016,6.547743,0.747717
2.343865,-1.734035,6.525911,0.701260
2.669287,-1.724816,6.491100,0.658988
2.970542,-1.632335,6.443162,0.620996
3.248860,-1.460514,6.384212,0.587288
3.506094,-1.214564,6.316786,0.557848
3.744094,-0.899698,6.243418,0.532663
3.964713,-0.521126,6.166644,0.511718
4.169802,-0.084060,6.088998,0.494999
4.361214,0.406289,6.013017,0.482492
4.540800,0.944710,5.941235,0.474182
4.710412,1.525991,5.876188,0.470055
4.871901,2.144922,5.820410,0.470096
5.027120,2.796290,5.776438,0.474292
5.177920,3.474885,5.746805,0.482629
5.326153,4.175494,5.734047,0.495091
5.473671,4.892908,5.740700,0.511665
5.622326,5.621915,5.769299,0.532335
5.773969,6.357302,5.822378,0.557089
5.930452,7.093860,5.902474,0.585912
6.093531,7.826431,6.012033,0.618784
6.262076,8.551519,6.150862,0.655528
6.431627,9.267537,6.315726,0.695788
6.597542,9.973008,6.503219,0.739195
6.755176,10.666451,6.709934,0.785383
6.899887,11.346387,6.932467,0.833984
7.027032,12.011338,7.167413,0.884631
7.131967,12.659824,7.411365,0.936956
7.210048,13.290366,7.660918,0.990591
7.256633,13.901484,7.912667,1.045171
7.267077,14.491700,8.163206,1.100326
7.236739,15.059534,8.409130,1.155689
7.160974,15.603508,8.647034,1.210894
7.035140,16.122141,8.873511,1.265572
6.854592,16.613955,9.085157,1.319357
6.614688,17.077471,9.278565,1.371881
6.310784,17.511210,9.450331,1.422776
5.938238,17.913691,9.597049,1.471675
5.493268,18.283676,9.715731,1.518287
4.978643,18.621737,9.806550,1.562909
4.400130,18.929278,9.871133,1.606101
3.763512,19.207707,9.911108,1.648428
3.074571,19.458433,9.928110,1.690454
2.339093,19.682863,9.923768,1.732743
1.562858,19.882406,9.899714,1.775858
0.751650,20.058470,9.857581,1.820365
-0.088747,20.212463,9.798999,1.866827
-0.952551,20.345794,9.725600,1.915807
-1.833978,20.459870,9.639015,1.967870
-2.727246,20.556099,9.540877,2.023581
-3.626571,20.635891,9.432816,2.083502
-4.526171,20.700652,9.316465,2.148198
-5.420262,20.751792,9.193454,2.218232
-6.303061,20.790718,9.065415,2.294170
-7.168786,20.818838,8.933980,2.376575
-8.011654,20.837561,8.800780,2.466009
-8.826966,20.847712,8.667215,2.562575
-9.612890,20.848583,8.534072,2.665149
-10.368066,20.839208,8.402037,2.772405
-11.091133,20.818624,8.271796,2.883017
-11.780733,20.785867,8.144036,2.995662
-12.435504,20.739975,8.019442,3.109012
-13.054086,20.679982,7.898701,-3.061443
-13.635120,20.604926,7.782498,-2.950656
-14.177245,20.513842,7.671520,-2.843140
-14.679102,20.405768,7.566453,-2.740219
-15.139330,20.279739,7.467983,-2.643219
-15.556568,20.134791,7.376797,-2.553465
-15.929458,19.969962,7.293579,-2.472282
-16.256638,19.784287,7.219018,-2.400996
-16.536749,19.576803,7.153797,-2.340933
-16.768430,19.346545,7.098605,-2.293417
-16.950323,19.092551,7.054126,-2.259774
-17.081110,18.813902,7.021033,-2.241277
-17.160583,18.510796,6.999617,-2.237905
-17.189683,18.184594,6.989782,-2.248292
-17.169403,17.836708,6.991411,-2.271011
-17.100737,17.468552,7.004386,-2.304632
-16.984680,17.081541,7.028592,-2.347727
-16.822225,16.677088,7.063913,-2.398868
-16.614367,16.256606,7.110231,-2.456627
-16.362099,15.821510,7.167430,-2.519574
-16.066415,15.373213,7.235393,-2.586283
-15.728311,14.913129,7.314005,-2.655323
-15.348778,14.442671,7.403148,-2.725268
-14.928812,13.963253,7.502706,-2.794688
-14.469407,13.476289,7.612563,-2.862156
-13.971556,12.983193,7.732601,-2.926242
-13.436253,12.485379,7.862705,-2.985519
-12.864494,11.984259,8.002757,-3.038558
-12.257270,11.481248,8.152642,-3.083931
-11.615906,10.977942,8.312035,-3.120445
-10.943918,10.477152,8.479224,3.134702
-10.245722,9.982190,8.651925,3.114109
-9.525739,9.496367,8.827856,3.099931
-8.788388,9.022995,9.004732,3.091136
-8.038087,8.565387,9.180271,3.086694
-7.279257,8.126854,9.352188,3.085571
-6.516316,7.710709,9.518200,3.086738
-5.753684,7.320264,9.676022,3.089163
-4.995781,6.958831,9.823372,3.091814
-4.247026,6.629721,9.957966,3.093660
-3.511838,6.336248,10.077519,3.093670
-2.794637,6.081723,10.179748,3.090812
-2.099842,5.869459,10.262370,3.084056
-1.431872,5.702767,10.323100,3.072369
-0.795147,5.584959,10.359655,3.054721
-0.194087,5.519348,10.369752,3.030080
0.366896,5.509240,10.351111,2.997416
0.884890,5.556366,10.302829,2.956172
1.360556,5.658719,10.227267,2.906911
1.795070,5.813747,10.127257,2.850358
2.189610,6.018903,10.005633,2.787240
2.545353,6.271636,9.865229,2.718282
2.863475,6.569396,9.708878,2.644209
3.145154,6.909633,9.539414,2.565747
3.391566,7.289798,9.359669,2.483622
3.603890,7.707340,9.172479,2.398559
3.783301,8.159710,8.980675,2.311284
3.930977,8.644359,8.787091,2.222522
4.048095,9.158736,8.594561,2.133000
4.135831,9.700292,8.405919,2.043441
4.195364,10.266476,8.223997,1.954573
4.227870,10.854740,8.051629,1.867121
4.234526,11.462532,7.891649,1.781810
4.216510,12.087304,7.746890,1.699366
4.174954,12.726480,7.620092,1.620492
4.110101,13.376941,7.512061,1.545411
4.021361,14.035066,7.421793,1.473903
3.908109,14.697211,7.348212,1.405726
3.769720,15.359734,7.290245,1.340642
3.605571,16.018989,7.246817,1.278409
3.415038,16.671336,7.216854,1.218789
3.197496,17.313131,7.199280,1.161541
2.952321,17.940731,7.193021,1.106427
2.678890,18.550492,7.197003,1.053205
2.376577,19.138772,7.210151,1.001636
2.044759,19.701928,7.231390,0.951480
1.682813,20.236316,7.259646,0.902498
1.290113,20.738294,7.293844,0.854449
0.866035,21.204218,7.332910,0.807093
0.409957,21.630446,7.375769,0.760192
-0.078748,22.013335,7.421346,0.713505
-0.600702,22.349241,7.468568,0.666792
-1.155991,22.635035,7.516390,0.619839
-1.741511,22.870627,7.563957,0.572584
-2.352993,23.057037,7.610481,0.525022
-2.986168,23.195287,7.655176,0.477146
-3.636764,23.286398,7.697252,0.428951
-4.300511,23.331393,7.735924,0.380431
-4.973138,23.331295,7.770402,0.331580
-5.650375,23.287124,7.799900,0.282391
-6.327951,23.199903,7.823631,0.232860
-7.001596,23.070653,7.840806,0.182979
-7.667038,22.900398,7.850638,0.132744
-8.320007,22.690158,7.852340,0.082149
-8.956234,22.440956,7.845125,0.031187
-9.571446,22.153813,7.828204,-0.020148
-10.161374,21.829753,7.800790,-0.071861
-10.721746,21.469796,7.762095,-0.123958
-11.248293,21.074964,7.711333,-0.176445
-11.736750,20.646287,7.647719,-0.229327
-12.183857,20.185824,7.571049,-0.282401
-12.588495,19.697831,7.482356,-0.335024
-12.949813,19.186843,7.382827,-0.386495
-13.266963,18.657394,7.273652,-0.436114
-13.539097,18.114018,7.156017,-0.483183
-13.765365,17.561251,7.031113,-0.527000
-13.944919,17.003628,6.900127,-0.566867
-14.076909,16.445683,6.764248,-0.602083
-14.160488,15.891951,6.624664,-0.631949
-14.194806,15.346967,6.482565,-0.655765
-14.179015,14.815265,6.339137,-0.672830
-14.112265,14.301381,6.195571,-0.682445
-13.993708,13.809849,6.053054,-0.683911
-13.822496,13.345204,5.912775,-0.676527
-13.597778,12.911981,5.775922,-0.659594
-13.318708,12.514714,5.643684,-0.632411
-12.984435,12.157938,5.517250,-0.594279
-12.594268,11.845924,5.397767,-0.544551
-12.150240,11.578364,5.285703,-0.483479
-11.656685,11.351081,5.180944,-0.412080
-11.118009,11.159778,5.083361,-0.331395
-10.538618,11.000157,4.992822,-0.242462
-9.922920,10.867919,4.909197,-0.146322
-9.275320,10.758766,4.832357,-0.044015
-8.600225,10.668399,4.762170,0.063420
-7.902042,10.592522,4.698506,0.174943
-7.185178,10.526835,4.641235,0.289513
-6.454038,10.467041,4.590225,0.406091
-5.713029,10.408841,4.545348,0.523637
-4.966558,10.347937,4.506473,0.641110
-4.219031,10.280031,4.473468,0.757472
-3.474856,10.200825,4.446204,0.871681
-2.738437,10.106020,4.424550,0.982699
-2.014182,9.991319,4.408376,1.089485
-1.306498,9.852423,4.397551,1.191000
-0.619331,9.685736,4.392040,1.286392
0.045781,9.491326,4.392303,1.375804
0.688082,9.270458,4.398962,1.459697
1.306819,9.024399,4.412640,1.538538
1.901238,8.754413,4.433958,1.612789
2.470584,8.461767,4.463539,1.682915
3.014104,8.147725,4.502005,1.749380
3.531043,7.813554,4.549977,1.812647
4.020648,7.460518,4.608079,1.873182
4.482165,7.089884,4.676933,1.931448
4.914840,6.702917,4.757160,1.987910
5.317919,6.300883,4.849382,2.043030
5.690647,5.885047,4.954223,2.097274
6.032271,5.456675,5.072303,2.151105
6.342036,5.017032,5.204246,2.204988
6.619190,4.567384,5.350673,2.259387
6.862977,4.108996,5.512206,2.314765
7.072645,3.643139,5.689462,2.371585
7.247648,3.171628,5.882256,2.430075
7.387825,2.697311,6.088890,2.490021
7.493063,2.223156,6.307494,2.551158
7.563244,1.752128,6.536198,2.613221
7.598255,1.287193,6.773132,2.675945
7.597980,0.831318,7.016426,2.739067
7.562304,0.387467,7.264211,2.802321
7.491112,-0.041394,7.514617,2.865443
7.384287,-0.452297,7.765773,2.928168
7.241716,-0.842278,8.015811,2.990231
7.063283,-1.208370,8.262861,3.051368
6.848872,-1.547607,8.505052,3.111314
6.598369,-1.857024,8.740514,-3.113381
6.311658,-2.133654,8.967379,-3.056610
5.988623,-2.374532,9.183776,-3.001825
5.629151,-2.576692,9.387836,-2.949289
5.233125,-2.737167,9.577688,-2.899267
4.800639,-2.853111,9.751565,-2.852022
4.334876,-2.923417,9.909197,-2.807786
3.841368,-2.948310,10.051456,-2.766772
3.325706,-2.928043,10.179245,-2.729188
2.793484,-2.862875,10.293464,-2.695245
2.250293,-2.753059,10.395013,-2.665152
1.701726,-2.598853,10.484796,-2.639121
1.153373,-2.400513,10.563711,-2.617360
0.610829,-2.158293,10.632662,-2.600081
0.079683,-1.872451,10.692548,-2.587493
-0.434471,-1.543241,10.744271,-2.579806
-0.926042,-1.170921,10.788733,-2.577230
-1.389436,-0.755745,10.826833,-2.579976
-1.819064,-0.297970,10.859474,-2.588254
-2.209331,0.202148,10.887557,-2.602273
-2.554647,0.744354,10.911982,-2.622244
-2.849419,1.328391,10.933652,-2.648377
-3.088054,1.954004,10.953466,-2.680882
-3.266136,2.620107,10.972043,-2.719797
-3.384688,3.321767,10.988684,-2.764364
-3.446317,4.052935,11.002311,-2.813593
-3.453627,4.807561,11.011843,-2.866494
-3.409224,5.579596,11.016200,-2.922079
-3.315712,6.362990,11.014304,-2.979357
-3.175697,7.151694,11.005074,-3.037338
-2.991783,7.939658,10.987430,-3.095034
-2.766575,8.720834,10.960294,3.131731
-2.502680,9.489171,10.922585,3.077576
-2.202701,10.238621,10.873224,3.026675
-1.869243,10.963134,10.811130,2.980019
-1.504913,11.656660,10.735226,2.938597
-1.112314,12.313150,10.644430,2.903398
-0.694052,12.926555,10.537663,2.875413
-0.252732,13.490825,10.413846,2.855630
0.209041,13.999911,10.271898,2.845040
0.688659,14.447797,10.110757,2.844621
1.183216,14.831165,9.930667,2.854570
1.689300,15.151305,9.734106,2.873741
2.203452,15.409959,9.523771,2.900858
2.722211,15.608866,9.302357,2.934644
3.242115,15.749768,9.072562,2.973823
3.759705,15.834406,8.837083,3.017118
4.271518,15.864521,8.598615,3.063254
4.774096,15.841853,8.359856,3.110953
5.263975,15.768145,8.123503,-3.124247
5.737697,15.645136,7.892251,-3.077250
6.191800,15.474568,7.668797,-3.032518
6.622823,15.258183,7.455839,-2.991329
7.027306,14.997719,7.256073,-2.954958
7.401788,14.694920,7.072195,-2.924682
7.742808,14.351525,6.906902,-2.901777
8.046906,13.969277,6.762890,-2.887520
8.310620,13.549915,6.642857,-2.883187
8.530703,13.095273,6.549316,-2.889933
8.706602,12.608357,6.482462,-2.907371
8.839616,12.092976,6.440903,-2.934057
8.931077,11.552955,6.423214,-2.968528
8.982320,10.992120,6.427969,-3.009319
8.994678,10.414295,6.453744,-3.054965
8.969484,9.823305,6.499114,-3.104001
8.908073,9.222976,6.562654,3.128221
8.811777,8.617133,6.642940,3.076796
8.681931,8.009600,6.738547,3.026373
8.519868,7.404203,6.848049,2.978417
8.326922,6.804767,6.970023,2.934392
8.104426,6.215117,7.103043,2.895764
7.853713,5.639078,7.245684,2.863995
7.576118,5.080476,7.396522,2.840551
7.272975,4.543134,7.554131,2.826895
6.945615,4.030880,7.717088,2.824493
6.595375,3.547536,7.883967,2.834809
6.223675,3.096693,8.053459,2.858875
5.832307,2.680968,8.224728,2.895942
5.423157,2.302725,8.397063,2.944800
4.998109,1.964332,8.569751,3.004242
4.559050,1.668154,8.742080,3.073059
4.107864,1.416558,8.913338,-3.133142
3.646437,1.211909,9.082811,-3.049200
3.176655,1.056574,9.249787,-2.959507
2.700404,0.952919,9.413555,-2.865273
2.219567,0.903309,9.573401,-2.767705
1.736032,0.910111,9.728614,-2.668012
1.251683,0.975692,9.878480,-2.567403
0.768406,1.102416,10.022288,-2.467085
0.288086,1.292650,10.159324,-2.368267
-0.187391,1.548761,10.288878,-2.272158
-0.656140,1.873114,10.410235,-2.179966
-1.116275,2.268075,10.522684,-2.092898
-1.565933,2.735949,10.625513,-2.012157
-2.004529,3.275407,10.717996,-1.938497
-2.433447,3.879538,10.799394,-1.871991
-2.854235,4.540959,10.868962,-1.812650
-3.268442,5.252285,10.925959,-1.760489
-3.677619,6.006131,10.969641,-1.715521
-4.083314,6.795114,10.999265,-1.677758
-4.487077,7.611848,11.014089,-1.647215
-4.890458,8.448950,11.013370,-1.623905
-5.295004,9.299034,10.996364,-1.607841
-5.702267,10.154718,10.962330,-1.599036
-6.113795,11.008615,10.910524,-1.597503
-6.531138,11.853341,10.840203,-1.603257
-6.955844,12.681514,10.750625,-1.616309
-7.389464,13.485747,10.641047,-1.636674
-7.833546,14.258656,10.510726,-1.664364
-8.289641,14.992857,10.358919,-1.699394
-8.759297,15.680966,10.184882,-1.741775
-9.243728,16.315992,9.988052,-1.791468
-9.740466,16.895258,9.769801,-1.847833
-10.244772,17.418748,9.532703,-1.909862
-10.751873,17.886488,9.279346,-1.976543
-11.256997,18.298502,9.012321,-2.046862
-11.755371,18.654815,8.734219,-2.119807
-12.242221,18.955451,8.447627,-2.194365
-12.712775,19.200434,8.155137,-2.269521
-13.162261,19.389790,7.859339,-2.344264
-13.585904,19.523542,7.562822,-2.417580
-13.978933,19.601716,7.268175,-2.488456
-14.336574,19.624336,6.977990,-2.555879
-14.654054,19.591427,6.694855,-2.618836
-14.926602,19.503012,6.421361,-2.676314
-15.149443,19.359117,6.160098,-2.727300
-15.317806,19.159766,5.913654,-2.770780
-15.426917,18.904984,5.684621,-2.805743
-15.472003,18.594795,5.475588,-2.831174
-15.449715,18.230016,5.288465,-2.846398
-15.361908,17.814359,5.122671,-2.851979
-15.211632,17.352199,4.977057,-2.848759
-15.001932,16.847913,4.850474,-2.837583
-14.735856,16.305875,4.741772,-2.819297
-14.416453,15.730460,4.649803,-2.794745
-14.046768,15.126044,4.573416,-2.764771
-13.629850,14.497003,4.511463,-2.730220
-13.168745,13.847711,4.462794,-2.691936
-12.666502,13.182543,4.426260,-2.650764
-12.126167,12.505876,4.400711,-2.607550
-11.550788,11.822084,4.384999,-2.563136
-10.943412,11.135543,4.377973,-2.518368
-10.307087,10.450627,4.378485,-2.474091
-9.644860,9.771713,4.385384,-2.431149
-8.959778,9.103176,4.397523,-2.390386
-8.254889,8.449390,4.413751,-2.352648
-7.533237,7.814706,4.432936,-2.318771
-6.797729,7.202334,4.454711,-2.289251
-6.051080,6.613907,4.479764,-2.264117
-5.295995,6.050941,4.508862,-2.243359
-4.535175,5.514955,4.542772,-2.226969
-3.771322,5.007466,4.582261,-2.214939
-3.007140,4.529992,4.628095,-2.207261
-2.245330,4.084049,4.681041,-2.203927
-1.488595,3.671156,4.741867,-2.204929
-0.739638,3.292829,4.811338,-2.210258
-0.001161,2.950586,4.890222,-2.219907
0.724134,2.645945,4.979286,-2.233868
1.433543,2.380423,5.079295,-2.252132
2.124365,2.155538,5.191017,-2.274691
2.793898,1.972806,5.315219,-2.301537
3.439437,1.833746,5.452667,-2.332662
4.058282,1.739875,5.604128,-2.368058
4.647730,1.692710,5.770369,-2.407717
5.205249,1.693596,5.952004,-2.451600
5.729946,1.742240,6.148191,-2.499367
6.221837,1.837437,6.357277,-2.550514
6.680945,1.977973,6.577604,-2.604536
7.107295,2.162634,6.807512,-2.660925
7.500912,2.390207,7.045342,-2.719176
7.861820,2.659477,7.289434,-2.778783
8.190044,2.969231,7.538129,-2.839239
8.485608,3.318254,7.789767,-2.900037
8.748537,3.705333,8.042688,-2.960673
8.978855,4.129254,8.295233,-3.020639
9.176587,4.588803,8.545743,-3.079429
9.341757,5.082765,8.792558,-3.136538
9.474390,5.609928,9.034018,3.091727
9.574510,6.169078,9.268464,3.039502
9.642142,6.758999,9.494236,2.990476
9.677310,7.378479,9.709675,2.945158
9.680039,8.026304,9.913122,2.904052
9.650397,8.700689,10.103353,2.867492
9.588598,9.397999,10.280562,2.835246
9.494884,10.114221,10.445234,2.806968
9.369496,10.845343,10.597850,2.782311
9.212676,11.587354,10.738893,2.760929
9.024668,12.336240,10.868847,2.742475
8.805711,13.087990,10.988193,2.726604
8.556050,13.838592,11.097415,2.712970
8.275926,14.584034,11.196995,2.701225
7.965580,15.320302,11.287416,2.691024
7.625255,16.043386,11.369161,2.682020
7.255193,16.749273,11.442713,2.673867
6.855636,17.433951,11.508554,2.666218
6.426826,18.093407,11.567167,2.658729
5.969005,18.723631,11.619035,2.651051
5.482416,19.320608,11.664640,2.642839
4.967299,19.880328,11.704466,2.633747
4.423929,20.398841,11.738993,2.623429
3.853675,20.874449,11.768650,2.611574
3.259276,21.308256,11.793798,2.597913
2.643555,21.701542,11.814794,2.582178
2.009337,22.055587,11.831996,2.564104
1.359444,22.371672,11.845761,2.543424
0.696701,22.651076,11.856446,2.519872
0.023932,22.895081,11.864409,2.493180
-0.656041,23.104965,11.870007,2.463083
-1.340392,23.282009,11.873597,2.429313
-2.026299,23.427494,11.875536,2.391605
-2.710937,23.542700,11.876182,2.349691
-3.391483,23.628906,11.875893,2.303305
-4.065113,23.687393,11.875025,2.252181
-4.729003,23.719442,11.873936,2.196052
-5.380330,23.726331,11.872983,2.134651
-6.016269,23.709342,11.872523,2.067713
-6.633998,23.669755,11.872914,1.994969
-7.230882,23.608726,11.874444,1.916202
-7.805883,23.526369,11.876823,1.831584
-8.358753,23.422285,11.879472,1.741488
-8.889252,23.296069,11.881813,1.646283
-9.397138,23.147314,11.883264,1.546342
-9.882171,22.975616,11.883246,1.442037
-10.344109,22.780570,11.881180,1.333738
-10.782711,22.561770,11.876484,1.221819
-11.197737,22.318813,11.868579,1.106649
-11.588946,22.051292,11.856886,0.988602
-11.956096,21.758803,11.840823,0.868049
-12.298946,21.440940,11.819812,0.745360
-12.617256,21.097299,11.793272,0.620909
-12.910784,20.727474,11.760623,0.495067
-13.179289,20.331060,11.721286,0.368205
-13.422531,19.907653,11.674679,0.240695
-13.640269,19.456846,11.620224,0.112908
-13.832260,18.978236,11.557341,-0.014783
-13.998225,18.472075,11.485597,-0.142089
-14.137764,17.940516,11.404991,-0.268957
-14.250459,17.386053,11.315598,-0.395374
-14.335889,16.811181,11.217491,-0.521330
-14.393636,16.218394,11.110747,-0.646814
-14.423281,15.610188,10.995439,-0.771815
-14.424403,14.989057,10.871643,-0.896321
-14.396583,14.357497,10.739434,-1.020321
-14.339403,13.718001,10.598886,-1.143804
-14.252442,13.073064,10.450073,-1.266760
-14.135282,12.425181,10.293072,-1.389177
-13.987503,11.776848,10.127957,-1.511043
-13.808685,11.130558,9.954802,-1.632348
-13.598410,10.488807,9.773683,-1.753080
-13.356258,9.854088,9.584674,-1.873229
-13.081809,9.228898,9.387850,-1.992783
-12.774645,8.615730,9.183285,-2.111731
-12.434382,8.017041,8.971085,-2.230052
-12.061679,7.434180,8.752168,-2.347425
-11.658364,6.867256,8.528378,-2.463196
-11.226329,6.316309,8.301602,-2.576692
-10.767463,5.781381,8.073730,-2.687240
-10.283659,5.262514,7.846651,-2.794167
-9.776806,4.759748,7.622256,-2.896800
-9.248796,4.273126,7.402433,-2.994467
-8.701519,3.802689,7.189071,-3.086495
-8.136867,3.348477,6.984061,3.110975
-7.556729,2.910533,6.789290,3.032244
-6.962997,2.488898,6.606650,2.961170
-6.357561,2.083614,6.438029,2.898427
-5.742313,1.694721,6.285317,2.844688
-5.119143,1.322261,6.150402,2.800624
-4.489942,0.966276,6.035175,2.766910
-3.856600,0.626808,5.941525,2.744217
-3.221010,0.303896,5.871341,2.733218
-2.585084,-0.002177,5.826236,2.734444
-1.950912,-0.289373,5.805797,2.747372
-1.320662,-0.554869,5.808705,2.771015
-0.696501,-0.795841,5.833640,2.804379
-0.080595,-1.009460,5.879280,2.846474
0.524887,-1.192903,5.944302,2.896308
1.117779,-1.343342,6.027386,2.952889
1.695912,-1.457952,6.127208,3.015226
2.257121,-1.533907,6.242449,3.082327
2.799236,-1.568381,6.371785,-3.129985
3.320092,-1.558547,6.513895,-3.056331
3.817520,-1.501581,6.667458,-2.980888
4.289353,-1.394655,6.831152,-2.904647
4.733424,-1.234945,7.003655,-2.828600
5.147566,-1.019623,7.183645,-2.753739
5.529611,-0.745865,7.369800,-2.681054
5.877391,-0.410844,7.560800,-2.611539
6.188742,-0.011739,7.755322,-2.546183
6.461983,0.451869,7.952001,-2.485633
6.696695,0.974197,8.149363,-2.429647
6.892657,1.548479,8.345916,-2.377842
7.049651,2.167944,8.540167,-2.329833
7.167457,2.825824,8.730624,-2.285237
7.245854,3.515351,8.915795,-2.243669
7.284623,4.229755,9.094188,-2.204747
7.283545,4.962269,9.264310,-2.168087
7.242399,5.706124,9.424669,-2.133304
7.160966,6.454550,9.573773,-2.100015
7.039026,7.200780,9.710130,-2.067836
6.876359,7.938044,9.832247,-2.036384
6.672746,8.659574,9.938633,-2.005274
6.427967,9.358602,10.027794,-1.974124
6.141803,10.028358,10.098239,-1.942549
5.814032,10.662074,10.148475,-1.910165
5.444437,11.252981,10.177010,-1.876589
5.032861,11.794502,10.182414,-1.841455
4.580688,12.284546,10.164694,-1.804823
4.090856,12.725569,10.125320,-1.767184
3.566373,13.120231,10.065824,-1.729048
3.010245,13.471190,9.987740,-1.690925
2.425482,13.781105,9.892599,-1.653325
1.815091,14.052634,9.781936,-1.616759
1.182080,14.288436,9.657284,-1.581736
0.529456,14.491170,9.520174,-1.548767
-0.139773,14.663494,9.372141,-1.518361
-0.822599,14.808067,9.214716,-1.491029
-1.516014,14.927548,9.049434,-1.467282
-2.217010,15.024595,8.877827,-1.447628
-2.922580,15.101868,8.701429,-1.432579
-3.629716,15.162024,8.521771,-1.422644
-4.335410,15.207723,8.340388,-1.418333
-5.036655,15.241623,8.158812,-1.420157
-5.730442,15.266382,7.978576,-1.428626
-6.413789,15.284227,7.801073,-1.444161
-7.083880,15.294573,7.626791,-1.466604
-7.737963,15.295719,7.455859,-1.495571
-8.373288,15.285959,7.288400,-1.530675
-8.987102,15.263587,7.124543,-1.571527
-9.576657,15.226899,6.964413,-1.617742
-10.139200,15.174190,6.808137,-1.668932
-10.671981,15.103754,6.655841,-1.724710
-11.172249,15.013886,6.507650,-1.784691
-11.637252,14.902881,6.363692,-1.848485
-12.064241,14.769033,6.224093,-1.915708
-12.450463,14.610637,6.088978,-1.985971
-12.793169,14.425989,5.958475,-2.058888
-13.089607,14.213382,5.832709,-2.134072
-13.337027,13.971112,5.711806,-2.211136
-13.532677,13.697473,5.595894,-2.289693
-13.673807,13.390760,5.485097,-2.369357
-13.757671,13.049273,5.379543,-2.449739
-13.783027,12.672493,5.279310,-2.530535
-13.752100,12.262625,5.184366,-2.611618
-13.667600,11.822258,5.094666,-2.692892
-13.532238,11.353983,5.010163,-2.774259
-13.348725,10.860387,4.930811,-2.855619
-13.119772,10.344060,4.856562,-2.936875
-12.848089,9.807591,4.787372,-3.017930
-12.536389,9.253570,4.723192,-3.098684
-12.187381,8.684584,4.663978,3.104146
-11.803778,8.103223,4.609682,3.024287
-11.388289,7.512077,4.560258,2.945023
-10.943625,6.913734,4.515659,2.866452
-10.472498,6.310783,4.475840,2.788672
-9.977619,5.705814,4.440754,2.711780
-9.461698,5.101415,4.410354,2.635876
-8.927447,4.500176,4.384594,2.561058
-8.377576,3.904685,4.363427,2.487423
-7.814770,3.317547,4.346817,2.415059
-7.241179,2.741659,4.334895,2.343858
-6.658469,2.180183,4.327952,2.273530
-6.068287,1.636293,4.326282,2.203779
-5.472281,1.113163,4.330180,2.134308
-4.872098,0.613967,4.339942,2.064822
-4.269385,0.141878,4.355862,1.995025
-3.665789,-0.299931,4.378236,1.924620
-3.062958,-0.708286,4.407359,1.853312
-2.462539,-1.080014,4.443525,1.780804
-1.866180,-1.411941,4.487030,1.706800
-1.275527,-1.700893,4.538168,1.631004
-0.692228,-1.943697,4.597236,1.553121
-0.117930,-2.137179,4.664527,1.472854
0.445719,-2.278167,4.740336,1.389906
0.997072,-2.363486,4.824960,1.303982
1.534482,-2.389962,4.918693,1.214786
2.056301,-2.354424,5.021830,1.122022
2.561044,-2.254514,5.134531,1.025538
3.048143,-2.092564,5.256184,0.926014
3.517360,-1.872572,5.385904,0.824422
3.968456,-1.598537,5.522804,0.721737
4.401193,-1.274460,5.665998,0.618934
4.815332,-0.904339,5.814598,0.516986
5.210635,-0.492174,5.967719,0.416867
5.586863,-0.041966,6.124474,0.319552
5.943777,0.442287,6.283976,0.226015
6.281140,0.956585,6.445340,0.137230
6.598712,1.496928,6.607678,0.054170
6.896255,2.059317,6.770104,-0.022189
7.173530,2.639751,6.931731,-0.090874
7.430299,3.234232,7.091674,-0.150910
7.666324,3.838760,7.249046,-0.201324
7.881366,4.449334,7.402959,-0.241141
8.075185,5.061957,7.552529,-0.269388
8.247544,5.672634,7.696869,-0.285094
8.398086,6.278479,7.835452,-0.288010
8.526214,6.878889,7.968477,-0.279372
8.631301,7.473540,8.096238,-0.260601
8.712720,8.062113,8.219026,-0.233116
8.769845,8.644283,8.337134,-0.198338
8.802049,9.219731,8.450853,-0.157687
8.808704,9.788134,8.560476,-0.112582
8.789185,10.349170,8.666294,-0.064445
8.742864,10.902518,8.768601,-0.014695
8.669114,11.447855,8.867687,0.035248
8.567309,11.984861,8.963845,0.083963
8.436822,12.513213,9.057367,0.130031
8.277026,13.032589,9.148546,0.172031
8.087294,13.542668,9.237673,0.208543
7.866999,14.043128,9.325040,0.238147
7.615515,14.533647,9.410940,0.259423
7.332215,15.013904,9.495664,0.270950
7.016547,15.483572,9.579491,0.271397
6.669209,15.942261,9.662463,0.260885
6.291929,16.389525,9.744430,0.240737
5.886464,16.824918,9.825236,0.212307
5.454573,17.247994,9.904724,0.176954
4.998013,17.658305,9.982739,0.136033
4.518542,18.055406,10.059123,0.090902
4.017919,18.438849,10.133721,0.042916
3.497901,18.808187,10.206376,-0.006566
2.960247,19.162975,10.276932,-0.056190
2.406713,19.502766,10.345233,-0.104597
1.839059,19.827112,10.411123,-0.150432
1.259042,20.135568,10.474445,-0.192338
0.668420,20.427687,10.535042,-0.228958
0.068951,20.703022,10.592759,-0.258935
-0.537606,20.961127,10.647440,-0.280913
-1.149495,21.201554,10.698927,-0.293535
-1.764957,21.423858,10.747066,-0.295444
-2.382148,21.627485,10.791654,-0.285590
-2.998782,21.811341,10.832265,-0.264475
-3.612437,21.974160,10.868401,-0.233093
-4.220690,22.114678,10.899561,-0.192437
-4.821116,22.231628,10.925249,-0.143502
-5.411292,22.323746,10.944965,-0.087283
-5.988794,22.389765,10.958209,-0.024772
-6.551199,22.428420,10.964485,0.043035
-7.096083,22.438446,10.963292,0.115145
-7.621023,22.418577,10.954132,0.190564
-8.123595,22.367548,10.936506,0.268297
-8.601376,22.284093,10.909917,0.347351
-9.051941,22.166947,10.873864,0.426731
-9.472868,22.014844,10.827849,0.505443
-9.861733,21.826519,10.771373,0.582494
-10.216112,21.600706,10.703939,0.656888
-10.533581,21.336140,10.625046,0.727633
-10.811729,21.031568,10.534203,0.793739
-11.049337,20.687006,10.431571,0.854708
-11.247391,20.304825,10.318522,0.910955
-11.407121,19.887650,10.196562,0.962994
-11.529753,19.438105,10.067193,1.011338
-11.616517,18.958815,9.931919,1.056500
-11.668638,18.452405,9.792246,1.098994
-11.687346,17.921500,9.649675,1.139332
-11.673868,17.368725,9.505712,1.178029
-11.629431,16.796704,9.361860,1.215598
-11.555264,16.208063,9.219623,1.252551
-11.452594,15.605426,9.080506,1.289403
-11.322649,14.991417,8.946011,1.326667
-11.166657,14.368663,8.817644,1.364856
-10.985845,13.739787,8.696907,1.404483
-10.781441,13.107415,8.585305,1.446062
-10.554674,12.474172,8.484342,1.490106
-10.306770,11.842681,8.395522,1.537128
-10.038920,11.215481,8.320240,1.587588
-9.751784,10.593873,8.258370,1.641181
-9.445628,9.978239,8.208650,1.697031
-9.120709,9.368939,8.169794,1.754251
-8.777283,8.766335,8.140515,1.811955
-8.415606,8.170788,8.119528,1.869255
-8.035937,7.582657,8.105544,1.925263
-7.638530,7.002305,8.097278,1.979093
-7.223644,6.430091,8.093443,2.029856
-6.791534,5.866378,8.092752,2.076665
-6.342457,5.311524,8.093918,2.118634
-5.876670,4.765892,8.095654,2.154874
-5.394431,4.229843,8.096675,2.184498
-4.895994,3.703736,8.095693,2.206619
-4.381617,3.187933,8.091422,2.220350
-3.851557,2.682795,8.082575,2.224803
-3.306071,2.188682,8.067865,2.219091
-2.745414,1.705956,8.046006,2.202326
-2.170796,1.235219,8.016036,2.173908
-1.587708,0.778172,7.978457,2.134533
-1.002850,0.336820,7.934183,2.085259
-0.422921,-0.086829,7.884129,2.027146
0.145381,-0.490768,7.829210,1.961254
0.695356,-0.872991,7.770339,1.888641
1.220304,-1.231490,7.708430,1.810368
1.713528,-1.564258,7.644399,1.727492
2.168328,-1.869290,7.579160,1.641075
2.578005,-2.144576,7.513626,1.552174
2.935859,-2.388112,7.448712,1.461850
3.235193,-2.597889,7.385333,1.371161
3.469306,-2.771901,7.324403,1.281168
3.631500,-2.908141,7.266836,1.192929
3.715075,-3.004602,7.213547,1.107503
3.713333,-3.059277,7.165449,1.025951
3.619575,-3.070159,7.123458,0.949331
3.427179,-3.035271,7.088480,0.878697
3.135226,-2.954808,7.060909,0.814603
2.752281,-2.832578,7.040283,0.756779
2.287808,-2.672733,7.026059,0.704876
1.751268,-2.479423,7.017695,0.658546
1.152125,-2.256799,7.014647,0.617439
0.499841,-2.009011,7.016374,0.581207
-0.196121,-1.740210,7.022332,0.549501
-0.926299,-1.454547,7.031978,0.521972
-1.681230,-1.156172,7.044771,0.498271
-2.451452,-0.849237,7.060166,0.478050
-3.227502,-0.537891,7.077622,0.460959
-3.999916,-0.226285,7.096595,0.446650
-4.759234,0.081429,7.116544,0.434774
-5.495991,0.381102,7.136925,0.424982
-6.200726,0.668583,7.157195,0.416926
-6.863975,0.939720,7.176812,0.410256
-7.476277,1.190364,7.195233,0.404623
-8.028776,1.416626,7.211945,0.399694
-8.520034,1.617809,7.226807,0.395313
-8.953567,1.795353,7.239922,0.391448
-9.332984,1.950734,7.251401,0.388065
-9.661892,2.085431,7.261351,0.385132
-9.943899,2.200921,7.269882,0.382618
-10.182613,2.298681,7.277104,0.380490
-10.381642,2.380188,7.283125,0.378715
-10.544592,2.446921,7.288055,0.377262
-10.675073,2.500357,7.292002,0.376099
-10.776692,2.541972,7.295076,0.375193
-10.853057,2.573246,7.297387,0.374512
-10.907774,2.595654,7.299042,0.374024
-10.944453,2.610675,7.300152,0.373697
-10.966701,2.619786,7.300825,0.373498
-10.978126,2.624465,7.301170,0.373397
-10.982335,2.626189,7.301298,0.373359
-10.982936,2.626435,7.301316,0.373354
