-28.073742,-28.317266,8.000000,0.000000
-28.073690,-28.317265,8.000000,0.000022
-28.073326,-28.317258,8.000000,0.000173
-28.072338,-28.317240,8.000000,0.000584
-28.070414,-28.317205,8.000000,0.001384
-28.067242,-28.317147,8.000000,0.002703
-28.062510,-28.317061,8.000000,0.004671
-28.055906,-28.316940,8.000000,0.007418
-28.047118,-28.316780,8.000000,0.011073
-28.035833,-28.316574,8.000000,0.015766
-28.021741,-28.316317,8.000000,0.021626
-28.004529,-28.316002,8.000000,0.028785
-27.983884,-28.315625,8.000000,0.037370
-27.959496,-28.315180,8.000000,0.047513
-27.931051,-28.314661,8.000000,0.059343
-27.898238,-28.314062,8.000000,0.072989
-27.861242,-28.313425,8.000000,0.088494
-27.822099,-28.312972,8.000000,0.105576
-27.783274,-28.312963,8.000000,0.123874
-27.747236,-28.313661,8.000000,0.143031
-27.716449,-28.315329,8.000000,0.162689
-27.693380,-28.318228,8.000000,0.182487
-27.680497,-28.322620,8.000000,0.202068
-27.680265,-28.328768,8.000000,0.221073
-27.695152,-28.336933,8.000000,0.239142
-27.727622,-28.347377,8.000000,0.255918
-27.780144,-28.360363,8.000000,0.271042
-27.855183,-28.376153,8.000000,0.284155
-27.955206,-28.395009,8.000000,0.294898
-28.082680,-28.417192,8.000000,0.302913
-28.240070,-28.442964,8.000000,0.307840
-28.428584,-28.472348,8.000000,0.309426
-28.645062,-28.504525,8.000000,0.307778
-28.885397,-28.538499,8.000000,0.303082
-29.145480,-28.573270,8.000000,0.295523
-29.421206,-28.607843,8.000000,0.285288
-29.708467,-28.641217,8.000000,0.272562
-30.003157,-28.672397,8.000000,0.257531
-30.301168,-28.700383,8.000000,0.240382
-30.598393,-28.724178,8.000000,0.221299
-30.890725,-28.742785,8.000000,0.200469
-31.174058,-28.755204,8.000000,0.178078
-31.444283,-28.760440,8.000000,0.154312
-31.697295,-28.757492,8.000000,0.129355
-31.928986,-28.745364,8.000000,0.103395
-32.135250,-28.723059,8.000000,0.076618
-32.312892,-28.690174,8.000000,0.049203
-32.461667,-28.648239,8.000000,0.021319
-32.581927,-28.599170,8.000000,-0.006870
-32.674021,-28.544886,8.000000,-0.035200
-32.738300,-28.487302,8.000000,-0.063506
-32.775113,-28.428337,8.000000,-0.091626
-32.784812,-28.369908,8.000000,-0.119393
-32.767746,-28.313931,8.000000,-0.146645
-32.724266,-28.262324,8.000000,-0.173217
-32.654723,-28.217005,8.000000,-0.198945
-32.559465,-28.179890,8.000000,-0.223664
-32.438845,-28.152897,8.000000,-0.247210
-32.293211,-28.137943,8.000000,-0.269420
-32.122914,-28.136945,8.000000,-0.290129
-31.928306,-28.151820,8.000000,-0.309172
-31.710208,-28.183794,8.000000,-0.326429
-31.470866,-28.232007,8.000000,-0.341905
-31.212795,-28.295210,8.000000,-0.355632
-30.938506,-28.372155,8.000000,-0.367640
-30.650514,-28.461591,8.000000,-0.377960
-30.351330,-28.562269,8.000000,-0.386623
-30.043467,-28.672940,8.000000,-0.393658
-29.729440,-28.792354,8.000000,-0.399097
-29.411760,-28.919262,8.000000,-0.402971
-29.092941,-29.052414,8.000000,-0.405310
-28.775496,-29.190562,8.000000,-0.406144
-28.461938,-29.332455,8.000000,-0.405505
-28.154779,-29.476844,8.000000,-0.403424
-27.856533,-29.622481,8.000000,-0.399930
-27.569712,-29.768115,8.000000,-0.395055
-27.296435,-29.912297,8.000000,-0.388890
-27.037708,-30.053021,8.000000,-0.381702
-26.794346,-30.188181,8.000000,-0.373785
-26.567162,-30.315673,8.000000,-0.365436
-26.356973,-30.433391,8.000000,-0.356949
-26.164590,-30.539232,8.000000,-0.348620
-25.990829,-30.631089,8.000000,-0.340745
-25.836504,-30.706859,8.000000,-0.333619
-25.702429,-30.764436,8.000000,-0.327538
-25.589418,-30.801715,8.000000,-0.322796
-25.498285,-30.816592,8.000000,-0.319690
-25.429844,-30.806961,8.000000,-0.318515
-25.384911,-30.770718,8.000000,-0.319567
-25.364298,-30.705758,8.000000,-0.323140
-25.368819,-30.609979,8.000000,-0.329531
-25.398660,-30.482668,8.000000,-0.338875
-25.452364,-30.326761,8.000000,-0.350892
-25.528207,-30.145783,8.000000,-0.365232
-25.624466,-29.943261,8.000000,-0.381546
-25.739418,-29.722719,8.000000,-0.399488
-25.871337,-29.487685,8.000000,-0.418706
-26.018502,-29.241684,8.000000,-0.438854
-26.179187,-28.988241,8.000000,-0.459582
-26.351670,-28.730884,8.000000,-0.480541
-26.534227,-28.473137,8.000000,-0.501383
-26.725134,-28.218526,8.000000,-0.521760
-26.922667,-27.970579,8.000000,-0.541322
-27.125103,-27.732819,8.000000,-0.559720
-27.330719,-27.508774,8.000000,-0.576607
-27.537790,-27.301966,8.000000,-0.591634
-27.744582,-27.114761,8.000000,-0.604576
-27.949333,-26.946688,8.000000,-0.615510
-28.150277,-26.796853,8.000000,-0.624559
-28.345650,-26.664358,8.000000,-0.631846
-28.533684,-26.548309,8.000000,-0.637493
-28.712615,-26.447808,8.000000,-0.641623
-28.880676,-26.361959,8.000000,-0.644359
-29.036102,-26.289867,8.000000,-0.645823
-29.177127,-26.230636,8.000000,-0.646139
-29.301986,-26.183369,8.000000,-0.645429
-29.408912,-26.147171,8.000000,-0.643816
-29.496141,-26.121144,8.000000,-0.641423
-29.561905,-26.104394,8.000000,-0.638372
-29.604440,-26.096024,8.000000,-0.634786
-29.621987,-26.095138,8.000000,-0.630788
-29.614487,-26.100901,8.000000,-0.626497
-29.585774,-26.112615,8.000000,-0.622025
-29.540227,-26.129603,8.000000,-0.617480
-29.482224,-26.151187,8.000000,-0.612974
-29.416143,-26.176688,8.000000,-0.608617
-29.346364,-26.205429,8.000000,-0.604518
-29.277263,-26.236732,8.000000,-0.600787
-29.213219,-26.269919,8.000000,-0.597535
-29.158611,-26.304312,8.000000,-0.594872
-29.117817,-26.339234,8.000000,-0.592908
-29.095215,-26.374005,8.000000,-0.591752
-29.095183,-26.407949,8.000000,-0.591515
-29.122100,-26.440388,8.000000,-0.592308
-29.180343,-26.470643,8.000000,-0.594239
-29.274274,-26.498037,8.000000,-0.597418
-29.405008,-26.522104,8.000000,-0.601841
-29.566709,-26.542825,8.000000,-0.607254
-29.752642,-26.560240,8.000000,-0.613374
-29.956072,-26.574389,8.000000,-0.619917
-30.170264,-26.585310,8.000000,-0.626599
-30.388484,-26.593045,8.000000,-0.633135
-30.603996,-26.597632,8.000000,-0.639243
-30.810065,-26.599112,8.000000,-0.644638
-30.999957,-26.597524,8.000000,-0.649036
-31.166936,-26.592907,8.000000,-0.652153
-31.304267,-26.585302,8.000000,-0.653705
-31.405216,-26.574748,8.000000,-0.653409
-31.463048,-26.561285,8.000000,-0.650980
-31.471027,-26.544952,8.000000,-0.646134
-31.422446,-26.525791,8.000000,-0.638590
-31.314276,-26.503883,8.000000,-0.628283
-31.150875,-26.479404,8.000000,-0.615591
-30.937482,-26.452535,8.000000,-0.600943
-30.679337,-26.423460,8.000000,-0.584768
-30.381679,-26.392363,8.000000,-0.567496
-30.049749,-26.359427,8.000000,-0.549556
-29.688785,-26.324835,8.000000,-0.531377
-29.304028,-26.288771,8.000000,-0.513388
-28.900717,-26.251418,8.000000,-0.496020
-28.484092,-26.212958,8.000000,-0.479701
-28.059393,-26.173577,8.000000,-0.464860
-27.631859,-26.133456,8.000000,-0.451927
-27.206729,-26.092780,8.000000,-0.441331
-26.789244,-26.051731,8.000000,-0.433502
-26.384634,-26.010500,8.000000,-0.428866
-25.997106,-25.969928,8.000000,-0.427614
-25.628943,-25.932091,8.000000,-0.429491
-25.282218,-25.899195,8.000000,-0.434191
-24.959001,-25.873450,8.000000,-0.441411
-24.661364,-25.857064,8.000000,-0.450845
-24.391379,-25.852247,8.000000,-0.462190
-24.151117,-25.861206,8.000000,-0.475140
-23.942650,-25.886151,8.000000,-0.489391
-23.768048,-25.929289,8.000000,-0.504639
-23.629384,-25.992830,8.000000,-0.520579
-23.528730,-26.078983,8.000000,-0.536906
-23.468156,-26.189955,8.000000,-0.553316
-23.449734,-26.327956,8.000000,-0.569505
-23.475535,-26.495195,8.000000,-0.585167
-23.547597,-26.693846,8.000000,-0.600001
-23.664975,-26.923192,8.000000,-0.613839
-23.821470,-27.177418,8.000000,-0.626760
-24.010346,-27.450192,8.000000,-0.638864
-24.224870,-27.735179,8.000000,-0.650252
-24.458307,-28.026045,8.000000,-0.661026
-24.703923,-28.316458,8.000000,-0.671288
-24.954984,-28.600084,8.000000,-0.681137
-25.204755,-28.870589,8.000000,-0.690676
-25.446502,-29.121639,8.000000,-0.700006
-25.673490,-29.346902,8.000000,-0.709227
-25.878986,-29.540043,8.000000,-0.718443
-26.056254,-29.694729,8.000000,-0.727752
-26.198562,-29.804627,8.000000,-0.737258
-26.299173,-29.863403,8.000000,-0.747061
-26.351422,-29.864800,8.000000,-0.757261
-26.353498,-29.808086,8.000000,-0.767845
-26.311611,-29.701657,8.000000,-0.778619
-26.232724,-29.554761,8.000000,-0.789367
-26.123799,-29.376648,8.000000,-0.799878
-25.991799,-29.176569,8.000000,-0.809937
-25.843686,-28.963772,8.000000,-0.819330
-25.686423,-28.747509,8.000000,-0.827845
-25.526972,-28.537027,8.000000,-0.835268
-25.372294,-28.341578,8.000000,-0.841384
-25.229354,-28.170410,8.000000,-0.845982
-25.105113,-28.032774,8.000000,-0.848847
-25.006533,-27.937919,8.000000,-0.849766
-24.940578,-27.895095,8.000000,-0.848525
-24.914208,-27.913552,8.000000,-0.844911
-24.934316,-28.002418,8.000000,-0.838713
-25.003498,-28.163565,8.000000,-0.829861
-25.117692,-28.387618,8.000000,-0.818505
-25.272266,-28.664232,8.000000,-0.804816
-25.462586,-28.983063,8.000000,-0.788961
-25.684020,-29.333767,8.000000,-0.771110
-25.931934,-29.706001,8.000000,-0.751433
-26.201695,-30.089420,8.000000,-0.730099
-26.488670,-30.473681,8.000000,-0.707276
-26.788225,-30.848440,8.000000,-0.683134
-27.095728,-31.203352,8.000000,-0.657842
-27.406545,-31.528075,8.000000,-0.631569
-27.716044,-31.812264,8.000000,-0.604485
-28.019590,-32.045575,8.000000,-0.576758
-28.312551,-32.217664,8.000000,-0.548559
-28.590340,-32.318333,8.000000,-0.520055
-28.850722,-32.344799,8.000000,-0.491417
-29.094884,-32.305065,8.000000,-0.462814
-29.324285,-32.207983,8.000000,-0.434416
-29.540379,-32.062407,8.000000,-0.406393
-29.744626,-31.877190,8.000000,-0.378915
-29.938481,-31.661184,8.000000,-0.352151
-30.123402,-31.423244,8.000000,-0.326272
-30.300845,-31.172221,8.000000,-0.301447
-30.472268,-30.916969,8.000000,-0.277845
-30.639128,-30.666341,8.000000,-0.255638
-30.802882,-30.429190,8.000000,-0.234993
-30.964987,-30.214370,8.000000,-0.216083
-31.126899,-30.030732,8.000000,-0.199075
-31.290077,-29.887130,8.000000,-0.184141
-31.455945,-29.792291,8.000000,-0.171444
-31.624572,-29.749413,8.000000,-0.160952
-31.794173,-29.754144,8.000000,-0.152358
-31.962828,-29.801590,8.000000,-0.145337
-32.128618,-29.886853,8.000000,-0.139562
-32.289623,-30.005040,8.000000,-0.134707
-32.443925,-30.151255,8.000000,-0.130448
-32.589603,-30.320602,8.000000,-0.126459
-32.724740,-30.508186,8.000000,-0.122413
-32.847415,-30.709111,8.000000,-0.117985
-32.955708,-30.918483,8.000000,-0.112850
-33.047702,-31.131405,8.000000,-0.106680
-33.121476,-31.342983,8.000000,-0.099152
-33.175112,-31.548320,8.000000,-0.089939
-33.206689,-31.742523,8.000000,-0.078715
-33.214334,-31.920749,8.000000,-0.065163
-33.197852,-32.080237,8.000000,-0.049297
-33.159208,-32.220888,8.000000,-0.031557
-33.100507,-32.342780,8.000000,-0.012406
-33.023854,-32.445990,8.000000,0.007687
-32.931354,-32.530596,8.000000,0.028257
-32.825113,-32.596674,8.000000,0.048838
-32.707235,-32.644302,8.000000,0.068963
-32.579827,-32.673557,8.000000,0.088166
-32.444993,-32.684516,8.000000,0.105982
-32.304838,-32.677257,8.000000,0.121943
-32.161468,-32.651856,8.000000,0.135584
-32.016989,-32.608391,8.000000,0.146439
-31.873504,-32.546940,8.000000,0.154041
-31.733120,-32.467578,8.000000,0.157924
-31.597882,-32.370422,8.000000,0.157633
-31.467878,-32.256832,8.000000,0.153101
-31.340832,-32.129672,8.000000,0.144721
-31.214331,-31.991895,8.000000,0.132918
-31.085958,-31.846453,8.000000,0.118115
-30.953300,-31.696301,8.000000,0.100735
-30.813942,-31.544389,8.000000,0.081201
-30.665468,-31.393672,8.000000,0.059937
-30.505464,-31.247101,8.000000,0.037366
-30.331515,-31.107631,8.000000,0.013912
-30.141205,-30.978213,8.000000,-0.010003
-29.932121,-30.861801,8.000000,-0.033956
-29.701848,-30.761348,8.000000,-0.057522
-29.447969,-30.679806,8.000000,-0.080278
-29.168072,-30.620128,8.000000,-0.101802
-28.859865,-30.585196,8.000000,-0.121679
-28.524712,-30.575844,8.000000,-0.139782
-28.168107,-30.590584,8.000000,-0.156304
-27.795770,-30.627803,8.000000,-0.171457
-27.413420,-30.685889,8.000000,-0.185453
-27.026775,-30.763229,8.000000,-0.198504
-26.641554,-30.858211,8.000000,-0.210820
-26.263476,-30.969221,8.000000,-0.222615
-25.898259,-31.094647,8.000000,-0.234098
-25.551622,-31.232878,8.000000,-0.245483
-25.229283,-31.382299,8.000000,-0.256980
-24.936963,-31.541298,8.000000,-0.268801
-24.680378,-31.708264,8.000000,-0.281158
-24.465248,-31.881582,8.000000,-0.294263
-24.297293,-32.059642,8.000000,-0.308327
-24.182029,-32.240826,8.000000,-0.323552
-24.119830,-32.423447,8.000000,-0.339919
-24.105586,-32.605741,8.000000,-0.357166
-24.133925,-32.785938,8.000000,-0.375022
-24.199474,-32.962269,8.000000,-0.393215
-24.296859,-33.132965,8.000000,-0.411473
-24.420708,-33.296258,8.000000,-0.429525
-24.565646,-33.450378,8.000000,-0.447099
-24.726301,-33.593557,8.000000,-0.463923
-24.897300,-33.724026,8.000000,-0.479725
-25.073269,-33.840016,8.000000,-0.494234
-25.248835,-33.939758,8.000000,-0.507178
-25.418625,-34.021483,8.000000,-0.518286
-25.577265,-34.083422,8.000000,-0.527285
-25.719383,-34.123806,8.000000,-0.533903
-25.839733,-34.140934,8.000000,-0.537884
-25.936003,-34.134649,8.000000,-0.539277
-26.008815,-34.106337,8.000000,-0.538445
-26.058919,-34.057454,8.000000,-0.535763
-26.087063,-33.989453,8.000000,-0.531605
-26.093997,-33.903790,8.000000,-0.526347
-26.080471,-33.801920,8.000000,-0.520364
-26.047235,-33.685296,8.000000,-0.514030
-25.995037,-33.555373,8.000000,-0.507721
-25.924628,-33.413607,8.000000,-0.501811
-25.836756,-33.261450,8.000000,-0.496675
-25.732171,-33.100359,8.000000,-0.492689
-25.611623,-32.931788,8.000000,-0.490227
-25.475861,-32.757190,8.000000,-0.489665
-25.325635,-32.578021,8.000000,-0.491377
-25.161762,-32.395665,8.000000,-0.495719
-24.986463,-32.210037,8.000000,-0.502654
-24.803278,-32.019676,8.000000,-0.511775
-24.615798,-31.823067,8.000000,-0.522660
-24.427615,-31.618694,8.000000,-0.534888
-24.242319,-31.405042,8.000000,-0.548037
-24.063501,-31.180595,8.000000,-0.561687
-23.894753,-30.943838,8.000000,-0.575416
-23.739666,-30.693255,8.000000,-0.588802
-23.601830,-30.427332,8.000000,-0.601424
-23.484838,-30.144553,8.000000,-0.612861
-23.392279,-29.843403,8.000000,-0.622691
-23.327745,-29.522366,8.000000,-0.630492
-23.294828,-29.179927,8.000000,-0.635845
-23.297117,-28.814570,8.000000,-0.638326
-23.338025,-28.424992,8.000000,-0.637536
-23.417617,-28.013821,8.000000,-0.633450
-23.533006,-27.587155,8.000000,-0.626379
-23.681204,-27.151213,8.000000,-0.616645
-23.859220,-26.712215,8.000000,-0.604568
-24.064066,-26.276377,8.000000,-0.590470
-24.292753,-25.849920,8.000000,-0.574674
-24.542293,-25.439062,8.000000,-0.557500
-24.809695,-25.050021,8.000000,-0.539271
-25.091971,-24.689016,8.000000,-0.520307
-25.386133,-24.362265,8.000000,-0.500930
-25.689190,-24.075988,8.000000,-0.481462
-25.998154,-23.836403,8.000000,-0.462225
-26.310037,-23.649727,8.000000,-0.443539
-26.621848,-23.522181,8.000000,-0.425727
-26.930693,-23.459632,8.000000,-0.409094
-27.235238,-23.462049,8.000000,-0.393665
-27.535449,-23.524509,8.000000,-0.379239
-27.831330,-23.641941,8.000000,-0.365604
-28.122886,-23.809273,8.000000,-0.352549
-28.410121,-24.021433,8.000000,-0.339864
-28.693039,-24.273351,8.000000,-0.327338
-28.971644,-24.559954,8.000000,-0.314760
-29.245941,-24.876171,8.000000,-0.301920
-29.515935,-25.216931,8.000000,-0.288606
-29.781629,-25.577161,8.000000,-0.274609
-30.043028,-25.951791,8.000000,-0.259718
-30.300136,-26.335749,8.000000,-0.243721
-30.552958,-26.723964,8.000000,-0.226408
-30.801498,-27.111363,8.000000,-0.207569
-31.045688,-27.492909,8.000000,-0.187008
-31.284355,-27.864080,8.000000,-0.164773
-31.515467,-28.220755,8.000000,-0.141098
-31.736968,-28.558824,8.000000,-0.116223
-31.946802,-28.874177,8.000000,-0.090389
-32.142914,-29.162705,8.000000,-0.063835
-32.323247,-29.420296,8.000000,-0.036801
-32.485746,-29.642842,8.000000,-0.009528
-32.628356,-29.826232,8.000000,0.017745
-32.749020,-29.966356,8.000000,0.044778
-32.845683,-30.059105,8.000000,0.071330
-32.916288,-30.100367,8.000000,0.097162
-32.958782,-30.086034,8.000000,0.122034
-32.971106,-30.011996,8.000000,0.145705
-32.951207,-29.874141,8.000000,0.167936
-32.897276,-29.668990,8.000000,0.188498
-32.810964,-29.401811,8.000000,0.207316
-32.696448,-29.084274,8.000000,0.224432
-32.557967,-28.728197,8.000000,0.239886
-32.399757,-28.345397,8.000000,0.253722
-32.226055,-27.947693,8.000000,0.265981
-32.041099,-27.546903,8.000000,0.276706
-31.849126,-27.154844,8.000000,0.285939
-31.654372,-26.783333,8.000000,0.293723
-31.461075,-26.444190,8.000000,0.300099
-31.273473,-26.149232,8.000000,0.305111
-31.095801,-25.910275,8.000000,0.308799
-30.932297,-25.739140,8.000000,0.311208
-30.787199,-25.647642,8.000000,0.312378
-30.664744,-25.647600,8.000000,0.312353
-30.568823,-25.749728,8.000000,0.311184
-30.498957,-25.950733,8.000000,0.309053
-30.451660,-26.237693,8.000000,0.306227
-30.423386,-26.597498,8.000000,0.302977
-30.410591,-27.017037,8.000000,0.299573
-30.409728,-27.483199,8.000000,0.296285
-30.417253,-27.982873,8.000000,0.293384
-30.429621,-28.502949,8.000000,0.291139
-30.443286,-29.030316,8.000000,0.289822
-30.454704,-29.551864,8.000000,0.289702
-30.460329,-30.054480,8.000000,0.291049
-30.456615,-30.525056,8.000000,0.294134
-30.440018,-30.950480,8.000000,0.299227
-30.406993,-31.317641,8.000000,0.306599
-30.353994,-31.613428,8.000000,0.316518
-30.277693,-31.825787,8.000000,0.329231
-30.177277,-31.954931,8.000000,0.344691
-30.053557,-32.008990,8.000000,0.362663
-29.907373,-31.996225,8.000000,0.382907
-29.739561,-31.924898,8.000000,0.405186
-29.550960,-31.803269,8.000000,0.429261
-29.342409,-31.639601,8.000000,0.454893
-29.114746,-31.442155,8.000000,0.481846
-28.868809,-31.219192,8.000000,0.509879
-28.605436,-30.978973,8.000000,0.538754
-28.325466,-30.729761,8.000000,0.568234
-28.029736,-30.479817,8.000000,0.598080
-27.719085,-30.237401,8.000000,0.628053
-27.394352,-30.010776,8.000000,0.657915
-27.056375,-29.808202,8.000000,0.687427
-26.706203,-29.637278,8.000000,0.716354
-26.347158,-29.498512,8.000000,0.744480
-25.983933,-29.388122,8.000000,0.771605
-25.621241,-29.302268,8.000000,0.797525
-25.263795,-29.237108,8.000000,0.822041
-24.916306,-29.188800,8.000000,0.844951
-24.583488,-29.153503,8.000000,0.866053
-24.270054,-29.127376,8.000000,0.885147
-23.980717,-29.106578,8.000000,0.902030
-23.720188,-29.087266,8.000000,0.916502
-23.493181,-29.065600,8.000000,0.928360
-23.304409,-29.037738,8.000000,0.937404
-23.158583,-28.999839,8.000000,0.943433
-23.060418,-28.948062,8.000000,0.946244
-23.014625,-28.878565,8.000000,0.945637
-23.025263,-28.787848,8.000000,0.941453
-23.089959,-28.675769,8.000000,0.933943
-23.202691,-28.544090,8.000000,0.923595
-23.357394,-28.394597,8.000000,0.910898
-23.548003,-28.229073,8.000000,0.896343
-23.768454,-28.049302,8.000000,0.880418
-24.012682,-27.857071,8.000000,0.863614
-24.274623,-27.654162,8.000000,0.846419
-24.548213,-27.442362,8.000000,0.829324
-24.827386,-27.223453,8.000000,0.812818
-25.106078,-26.999221,8.000000,0.797390
-25.378226,-26.771450,8.000000,0.783531
-25.637763,-26.541925,8.000000,0.771729
-25.878626,-26.312430,8.000000,0.762474
-26.094751,-26.084750,8.000000,0.756257
-26.280710,-25.860836,8.000000,0.753506
-26.436863,-25.644143,8.000000,0.754111
-26.566645,-25.438927,8.000000,0.757672
-26.673519,-25.249454,8.000000,0.763789
-26.760950,-25.079987,8.000000,0.772060
-26.832402,-24.934790,8.000000,0.782083
-26.891338,-24.818126,8.000000,0.793457
-26.941222,-24.734260,8.000000,0.805780
-26.985518,-24.687457,8.000000,0.818651
-27.027690,-24.681979,8.000000,0.831668
-27.071203,-24.722091,8.000000,0.844431
-27.119519,-24.812056,8.000000,0.856536
-27.176102,-24.956140,8.000000,0.867584
-27.244417,-25.158605,8.000000,0.877171
-27.327928,-25.423717,8.000000,0.884898
-27.429649,-25.754634,8.000000,0.890404
-27.548838,-26.145282,8.000000,0.893686
-27.682884,-26.584985,8.000000,0.894916
-27.829158,-27.063031,8.000000,0.894266
-27.985033,-27.568712,8.000000,0.891912
-28.147884,-28.091316,8.000000,0.888026
-28.315082,-28.620133,8.000000,0.882782
-28.484001,-29.144452,8.000000,0.876353
-28.652014,-29.653565,8.000000,0.868914
-28.816494,-30.136759,8.000000,0.860638
-28.974814,-30.583325,8.000000,0.851698
-29.124347,-30.982552,8.000000,0.842268
-29.262466,-31.323731,8.000000,0.832522
-29.386545,-31.596150,8.000000,0.822634
-29.493955,-31.789100,8.000000,0.812776
-29.582283,-31.893624,8.000000,0.803121
-29.650756,-31.914340,8.000000,0.793828
-29.699367,-31.862198,8.000000,0.785050
-29.728114,-31.748186,8.000000,0.776940
-29.736994,-31.583287,8.000000,0.769651
-29.726006,-31.378489,8.000000,0.763337
-29.695146,-31.144778,8.000000,0.758151
-29.644413,-30.893138,8.000000,0.754245
-29.573804,-30.634556,8.000000,0.751773
-29.483317,-30.380018,8.000000,0.750887
-29.372950,-30.140510,8.000000,0.751742
-29.242700,-29.927017,8.000000,0.754490
-29.092565,-29.750526,8.000000,0.759284
-28.922542,-29.622022,8.000000,0.766277
-28.732630,-29.552491,8.000000,0.775622
-28.523196,-29.551047,8.000000,0.787433
-28.297270,-29.613385,8.000000,0.801529
-28.059041,-29.729341,8.000000,0.817606
-27.812702,-29.888729,8.000000,0.835357
-27.562448,-30.081362,8.000000,0.854476
-27.312473,-30.297054,8.000000,0.874656
-27.066970,-30.525617,8.000000,0.895590
-26.830134,-30.756866,8.000000,0.916974
-26.606158,-30.980614,8.000000,0.938500
-26.399237,-31.186673,8.000000,0.959861
-26.213565,-31.364858,8.000000,0.980753
-26.053335,-31.504981,8.000000,1.000867
-25.922742,-31.596856,8.000000,1.019899
-25.825980,-31.630296,8.000000,1.037541
-25.767242,-31.595114,8.000000,1.053488
-25.749850,-31.482849,8.000000,1.067476
-25.771325,-31.296503,8.000000,1.079531
-25.826821,-31.043754,8.000000,1.089797
-25.911484,-30.732296,8.000000,1.098418
-26.020461,-30.369822,8.000000,1.105538
-26.148901,-29.964024,8.000000,1.111300
-26.291949,-29.522595,8.000000,1.115850
-26.444753,-29.053229,8.000000,1.119330
-26.602459,-28.563618,8.000000,1.121885
-26.760216,-28.061455,8.000000,1.123659
-26.913169,-27.554433,8.000000,1.124796
-27.056467,-27.050246,8.000000,1.125440
-27.185255,-26.556585,8.000000,1.125734
-27.294681,-26.081144,8.000000,1.125823
-27.379893,-25.631616,8.000000,1.125851
-27.436792,-25.215091,8.000000,1.125946
-27.465948,-24.834939,8.000000,1.126135
-27.469705,-24.493111,8.000000,1.126407
-27.450413,-24.191558,8.000000,1.126752
-27.410421,-23.932230,8.000000,1.127160
-27.352079,-23.717074,8.000000,1.127620
-27.277735,-23.548041,8.000000,1.128121
-27.189740,-23.427080,8.000000,1.128652
-27.090441,-23.356140,8.000000,1.129203
-26.982188,-23.337172,8.000000,1.129764
-26.867332,-23.372123,8.000000,1.130323
-26.748219,-23.462944,8.000000,1.130871
-26.627201,-23.611585,8.000000,1.131396
-26.506627,-23.819994,8.000000,1.131888
-26.388844,-24.090120,8.000000,1.132336
-26.275825,-24.422580,8.000000,1.132731
-26.167367,-24.810340,8.000000,1.133075
-26.062498,-25.243643,8.000000,1.133369
-25.960242,-25.712731,8.000000,1.133619
-25.859624,-26.207846,8.000000,1.133827
-25.759671,-26.719230,8.000000,1.133999
-25.659407,-27.237123,8.000000,1.134136
-25.557858,-27.751766,8.000000,1.134243
-25.454049,-28.253403,8.000000,1.134324
-25.347005,-28.732273,8.000000,1.134382
-25.235752,-29.178618,8.000000,1.134422
-25.119315,-29.582680,8.000000,1.134446
-24.996719,-29.934700,8.000000,1.134458
-24.866990,-30.224919,8.000000,1.134463
-24.729153,-30.443579,8.000000,1.134464
-24.582858,-30.582930,8.000000,1.134463
-24.431084,-30.645923,8.000000,1.134458
-24.277918,-30.639066,8.000000,1.134443
-24.127444,-30.568865,8.000000,1.134413
-23.983748,-30.441829,8.000000,1.134364
-23.850916,-30.264465,8.000000,1.134289
-23.733034,-30.043281,8.000000,1.134184
-23.634187,-29.784786,8.000000,1.134043
-23.558460,-29.495487,8.000000,1.133863
-23.509941,-29.181891,8.000000,1.133636
-23.492714,-28.850508,8.000000,1.133360
-23.510864,-28.507844,8.000000,1.133027
-23.568479,-28.160407,8.000000,1.132634
-23.669643,-27.814706,8.000000,1.132174
-23.818442,-27.477249,8.000000,1.131644
-24.017446,-27.153758,8.000000,1.131023
-24.261712,-26.846069,8.000000,1.130216
-24.543970,-26.554813,8.000000,1.129106
-24.856951,-26.280620,8.000000,1.127576
-25.193385,-26.024122,8.000000,1.125509
-25.546001,-25.785950,8.000000,1.122787
-25.907531,-25.566735,8.000000,1.119294
-26.270704,-25.367108,8.000000,1.114911
-26.628251,-25.187699,8.000000,1.109521
-26.972902,-25.029140,8.000000,1.103008
-27.297387,-24.892061,8.000000,1.095254
-27.594436,-24.777094,8.000000,1.086141
-27.856780,-24.684869,8.000000,1.075552
-28.077148,-24.616018,8.000000,1.063371
-28.248272,-24.571171,8.000000,1.049479
-28.364938,-24.550448,8.000000,1.033791
-28.431434,-24.551613,8.000000,1.016366
-28.454784,-24.571749,8.000000,0.997305
-28.442012,-24.607939,8.000000,0.976710
-28.400142,-24.657265,8.000000,0.954680
-28.336201,-24.716812,8.000000,0.931319
-28.257211,-24.783662,8.000000,0.906725
-28.170198,-24.854898,8.000000,0.881002
-28.082186,-24.927604,8.000000,0.854248
-28.000200,-24.998862,8.000000,0.826567
-27.931264,-25.065757,8.000000,0.798059
-27.882403,-25.125370,8.000000,0.768824
-27.860642,-25.174786,8.000000,0.738965
-27.873005,-25.211088,8.000000,0.708581
-27.926516,-25.231357,8.000000,0.677775
-28.026181,-25.233572,8.000000,0.646675
-28.168325,-25.219542,8.000000,0.615528
-28.346943,-25.192110,8.000000,0.584614
-28.556030,-25.154117,8.000000,0.554212
-28.789583,-25.108404,8.000000,0.524601
-29.041595,-25.057813,8.000000,0.496061
-29.306063,-25.005186,8.000000,0.468871
-29.576982,-24.953363,8.000000,0.443311
-29.848347,-24.905186,8.000000,0.419660
-30.114154,-24.863497,8.000000,0.398196
-30.368397,-24.831137,8.000000,0.379201
-30.605073,-24.810948,8.000000,0.362952
-30.818176,-24.805770,8.000000,0.349729
-31.001702,-24.818446,8.000000,0.339812
-31.149646,-24.851817,8.000000,0.333480
-31.257707,-24.907604,8.000000,0.330882
-31.328393,-24.983049,8.000000,0.331646
-31.365918,-25.074272,8.000000,0.335270
-31.374492,-25.177394,8.000000,0.341250
-31.358330,-25.288538,8.000000,0.349086
-31.321642,-25.403823,8.000000,0.358275
-31.268641,-25.519371,8.000000,0.368314
-31.203539,-25.631304,8.000000,0.378701
-31.130549,-25.735741,8.000000,0.388933
-31.053883,-25.828805,8.000000,0.398510
-30.977753,-25.906616,8.000000,0.406927
-30.906371,-25.965295,8.000000,0.413683
-30.843950,-26.000965,8.000000,0.418275
-30.794702,-26.009744,8.000000,0.420202
-30.762839,-25.987756,8.000000,0.418960
-30.751287,-25.932456,8.000000,0.414187
-30.758183,-25.846271,8.000000,0.406038
-30.780549,-25.732786,8.000000,0.394788
-30.815407,-25.595587,8.000000,0.380715
-30.859779,-25.438257,8.000000,0.364093
-30.910686,-25.264383,8.000000,0.345198
-30.965151,-25.077549,8.000000,0.324307
-31.020195,-24.881339,8.000000,0.301695
-31.072840,-24.679339,8.000000,0.277638
-31.120109,-24.475134,8.000000,0.252413
-31.159022,-24.272308,8.000000,0.226294
-31.186602,-24.074447,8.000000,0.199559
-31.199871,-23.885134,8.000000,0.172482
-31.195851,-23.707956,8.000000,0.145339
-31.171563,-23.546496,8.000000,0.118408
-31.125219,-23.403420,8.000000,0.091898
-31.059154,-23.278196,8.000000,0.065797
-30.976597,-23.169603,8.000000,0.040044
-30.880776,-23.076420,8.000000,0.014577
-30.774922,-22.997423,8.000000,-0.010666
-30.662262,-22.931392,8.000000,-0.035745
-30.546026,-22.877104,8.000000,-0.060722
-30.429443,-22.833337,8.000000,-0.085659
-30.315742,-22.798869,8.000000,-0.110616
-30.208152,-22.772478,8.000000,-0.135656
-30.109901,-22.752943,8.000000,-0.160840
-30.024219,-22.739041,8.000000,-0.186230
-29.954334,-22.729550,8.000000,-0.211885
-29.903476,-22.723249,8.000000,-0.237869
-29.874874,-22.718915,8.000000,-0.264243
-29.870808,-22.715962,8.000000,-0.291028
-29.890497,-22.715855,8.000000,-0.318122
-29.932543,-22.720472,8.000000,-0.345397
-29.995546,-22.731692,8.000000,-0.372723
-30.078109,-22.751393,8.000000,-0.399973
-30.178832,-22.781455,8.000000,-0.427017
-30.296317,-22.823756,8.000000,-0.453727
-30.429165,-22.880174,8.000000,-0.479976
-30.575977,-22.952588,8.000000,-0.505633
-30.735355,-23.042877,8.000000,-0.530571
-30.905899,-23.152920,8.000000,-0.554661
-31.086212,-23.284595,8.000000,-0.577774
-31.274894,-23.439781,8.000000,-0.599783
-31.470546,-23.620356,8.000000,-0.620558
-31.671771,-23.828199,8.000000,-0.639971
-31.876869,-24.064282,8.000000,-0.657956
-32.083243,-24.326849,8.000000,-0.674640
-32.288125,-24.613632,8.000000,-0.690182
-32.488749,-24.922364,8.000000,-0.704743
-32.682347,-25.250776,8.000000,-0.718485
-32.866153,-25.596601,8.000000,-0.731568
-33.037398,-25.957571,8.000000,-0.744152
-33.193317,-26.331418,8.000000,-0.756399
-33.331141,-26.715875,8.000000,-0.768470
-33.448104,-27.108673,8.000000,-0.780525
-33.541439,-27.507545,8.000000,-0.792725
-33.608378,-27.910222,8.000000,-0.805230
-33.646154,-28.314438,8.000000,-0.818203
-33.652001,-28.717923,8.000000,-0.831803
-33.623152,-29.118411,8.000000,-0.846191
-33.557978,-29.513093,8.000000,-0.861453
-33.458047,-29.897649,8.000000,-0.877468
-33.325484,-30.267493,8.000000,-0.894076
-33.162413,-30.618040,8.000000,-0.911119
-32.970959,-30.944706,8.000000,-0.928438
-32.753247,-31.242905,8.000000,-0.945874
-32.511400,-31.508052,8.000000,-0.963268
-32.247544,-31.735562,8.000000,-0.980462
-31.963803,-31.920850,8.000000,-0.997296
-31.662303,-32.059331,8.000000,-1.013613
-31.345167,-32.146419,8.000000,-1.029252
-31.014520,-32.177530,8.000000,-1.044056
-30.672487,-32.148078,8.000000,-1.057866
-30.321193,-32.053479,8.000000,-1.070522
-29.962763,-31.889154,8.000000,-1.081866
-29.600027,-31.653758,8.000000,-1.091771
-29.237661,-31.354434,8.000000,-1.100192
-28.880640,-30.999701,8.000000,-1.107098
-28.533938,-30.598077,8.000000,-1.112457
-28.202531,-30.158080,8.000000,-1.116238
-27.891392,-29.688229,8.000000,-1.118410
-27.605498,-29.197041,8.000000,-1.118942
-27.349823,-28.693035,8.000000,-1.117801
-27.129341,-28.184730,8.000000,-1.114958
-26.949028,-27.680643,8.000000,-1.110380
-26.813858,-27.189294,8.000000,-1.104035
-26.728807,-26.719199,8.000000,-1.095894
-26.698848,-26.278878,8.000000,-1.085924
-26.728958,-25.876848,8.000000,-1.074095
-26.824099,-25.521619,8.000000,-1.060374
-26.985553,-25.218428,8.000000,-1.044773
-27.205571,-24.964495,8.000000,-1.027410
-27.475047,-24.755835,8.000000,-1.008414
-27.784873,-24.588460,8.000000,-0.987918
-28.125944,-24.458386,8.000000,-0.966055
-28.489153,-24.361626,8.000000,-0.942955
-28.865393,-24.294195,8.000000,-0.918751
-29.245557,-24.252105,8.000000,-0.893574
-29.620539,-24.231372,8.000000,-0.867556
-29.981233,-24.228009,8.000000,-0.840829
-30.318531,-24.238030,8.000000,-0.813525
-30.623328,-24.257450,8.000000,-0.785775
-30.886516,-24.282281,8.000000,-0.757712
-31.098989,-24.308539,8.000000,-0.729467
-31.251659,-24.332243,8.000000,-0.701172
-31.340068,-24.350791,8.000000,-0.672942
-31.370357,-24.364738,8.000000,-0.644853
-31.350150,-24.375080,8.000000,-0.616974
-31.287069,-24.382812,8.000000,-0.589377
-31.188738,-24.388932,8.000000,-0.562132
-31.062779,-24.394434,8.000000,-0.535309
-30.916815,-24.400315,8.000000,-0.508979
-30.758468,-24.407571,8.000000,-0.483213
-30.595362,-24.417197,8.000000,-0.458080
-30.435119,-24.430189,8.000000,-0.433651
-30.285361,-24.447544,8.000000,-0.409997
-30.153712,-24.470257,8.000000,-0.387188
-30.047795,-24.499324,8.000000,-0.365294
-29.975231,-24.535741,8.000000,-0.344387
-29.943622,-24.580498,8.000000,-0.324536
-29.956493,-24.633585,8.000000,-0.305802
-30.008639,-24.692847,8.000000,-0.288224
-30.093726,-24.755851,8.000000,-0.271841
-30.205421,-24.820164,8.000000,-0.256688
-30.337390,-24.883354,8.000000,-0.242802
-30.483298,-24.942988,8.000000,-0.230221
-30.636812,-24.996633,8.000000,-0.218981
-30.791598,-25.041857,8.000000,-0.209121
-30.941323,-25.076227,8.000000,-0.200675
-31.079652,-25.097311,8.000000,-0.193682
-31.200252,-25.102675,8.000000,-0.188178
-31.296789,-25.089888,8.000000,-0.184201
-31.362928,-25.056517,8.000000,-0.181787
-31.392338,-25.000128,8.000000,-0.180974
-31.378709,-24.918309,8.000000,-0.181797
-31.319449,-24.811126,8.000000,-0.184188
-31.219414,-24.683632,8.000000,-0.187872
-31.084351,-24.541474,8.000000,-0.192547
-30.920007,-24.390299,8.000000,-0.197912
-30.732128,-24.235754,8.000000,-0.203665
-30.526461,-24.083486,8.000000,-0.209504
-30.308754,-23.939142,8.000000,-0.215129
-30.084753,-23.808369,8.000000,-0.220238
-29.860205,-23.696815,8.000000,-0.224529
-29.640857,-23.610127,8.000000,-0.227702
-29.432456,-23.553952,8.000000,-0.229455
-29.240749,-23.533936,8.000000,-0.229486
-29.071482,-23.555727,8.000000,-0.227494
-28.930403,-23.624973,8.000000,-0.223178
-28.823231,-23.747279,8.000000,-0.216237
-28.752663,-23.923861,8.000000,-0.206539
-28.715720,-24.147684,8.000000,-0.194264
-28.708794,-24.410798,8.000000,-0.179625
-28.728279,-24.705257,8.000000,-0.162837
-28.770568,-25.023113,8.000000,-0.144115
-28.832054,-25.356417,8.000000,-0.123673
-28.909131,-25.697221,8.000000,-0.101724
-28.998190,-26.037579,8.000000,-0.078484
-29.095625,-26.369541,8.000000,-0.054167
-29.197829,-26.685161,8.000000,-0.028987
-29.301196,-26.976490,8.000000,-0.003159
-29.402118,-27.235581,8.000000,0.023103
-29.496989,-27.454486,8.000000,0.049585
-29.582201,-27.625256,8.000000,0.076073
-29.654172,-27.740003,8.000000,0.102351
-29.711414,-27.795945,8.000000,0.128243
-29.756131,-27.799299,8.000000,0.153629
-29.790904,-27.757199,8.000000,0.178399
-29.818312,-27.676778,8.000000,0.202442
-29.840936,-27.565169,8.000000,0.225647
-29.861356,-27.429505,8.000000,0.247902
-29.882150,-27.276919,8.000000,0.269097
-29.905901,-27.114545,8.000000,0.289121
-29.935187,-26.949516,8.000000,0.307862
-29.972589,-26.788965,8.000000,0.325209
-30.020686,-26.640025,8.000000,0.341052
-30.082059,-26.509830,8.000000,0.355278
-30.159288,-26.405512,8.000000,0.367778
-30.254953,-26.334206,8.000000,0.378439
-30.371606,-26.302985,8.000000,0.387153
-30.509866,-26.314712,8.000000,0.393888
-30.667151,-26.365287,8.000000,0.398747
-30.840583,-26.449962,8.000000,0.401844
-31.027282,-26.563986,8.000000,0.403293
-31.224366,-26.702608,8.000000,0.403209
-31.428957,-26.861080,8.000000,0.401705
-31.638175,-27.034650,8.000000,0.398897
-31.849140,-27.218569,8.000000,0.394897
-32.058972,-27.408086,8.000000,0.389821
-32.264792,-27.598451,8.000000,0.383783
-32.463718,-27.784915,8.000000,0.376897
-32.652872,-27.962727,8.000000,0.369277
-32.829374,-28.127137,8.000000,0.361037
-32.990344,-28.273394,8.000000,0.352292
-33.132913,-28.396801,8.000000,0.343156
-33.254921,-28.495714,8.000000,0.333750
-33.355302,-28.573231,8.000000,0.324203
-33.433085,-28.632854,8.000000,0.314647
-33.487300,-28.678087,8.000000,0.305211
-33.516975,-28.712435,8.000000,0.296029
-33.521139,-28.739401,8.000000,0.287229
-33.498820,-28.762490,8.000000,0.278943
-33.449049,-28.785204,8.000000,0.271301
-33.370854,-28.811048,8.000000,0.264436
-33.263264,-28.843526,8.000000,0.258476
-33.125307,-28.886141,8.000000,0.253554
-32.956013,-28.942398,8.000000,0.249801
-32.754411,-29.015800,8.000000,0.247346
-32.519529,-29.109850,8.000000,0.246321
-32.250443,-29.227979,8.000000,0.246854
-31.948562,-29.369769,8.000000,0.248939
-31.618694,-29.529213,8.000000,0.252374
-31.265913,-29.699864,8.000000,0.256942
-30.895294,-29.875274,8.000000,0.262425
-30.511911,-30.048995,8.000000,0.268606
-30.120839,-30.214579,8.000000,0.275269
-29.727154,-30.365577,8.000000,0.282195
-29.335929,-30.495543,8.000000,0.289168
-28.952240,-30.598027,8.000000,0.295970
-28.581161,-30.666583,8.000000,0.302385
-28.227767,-30.694762,8.000000,0.308194
-27.897132,-30.676117,8.000000,0.313181
-27.594332,-30.604198,8.000000,0.317128
-27.324441,-30.472560,8.000000,0.319818
-27.092467,-30.274891,8.000000,0.321037
-26.900512,-30.010930,8.000000,0.320726
-26.746707,-29.688673,8.000000,0.319034
-26.628899,-29.316711,8.000000,0.316125
-26.544933,-28.903637,8.000000,0.312164
-26.492656,-28.458041,8.000000,0.307317
-26.469913,-27.988515,8.000000,0.301747
-26.474550,-27.503650,8.000000,0.295620
-26.504414,-27.012037,8.000000,0.289100
-26.557349,-26.522269,8.000000,0.282351
-26.631203,-26.042935,8.000000,0.275540
-26.723820,-25.582629,8.000000,0.268830
-26.833048,-25.149940,8.000000,0.262386
-26.956731,-24.753461,8.000000,0.256372
-27.092716,-24.401782,8.000000,0.250955
-27.238834,-24.103348,8.000000,0.246295
-27.392401,-23.860995,8.000000,0.242449
-27.550063,-23.670369,8.000000,0.239338
-27.708425,-23.526646,8.000000,0.236875
-27.864093,-23.424999,8.000000,0.234973
-28.013670,-23.360604,8.000000,0.233544
-28.153761,-23.328634,8.000000,0.232500
-28.280971,-23.324265,8.000000,0.231755
-28.391904,-23.342671,8.000000,0.231220
-28.483165,-23.379027,8.000000,0.230808
-28.551359,-23.428507,8.000000,0.230432
-28.593089,-23.486286,8.000000,0.230004
-28.604962,-23.547538,8.000000,0.229436
-28.583581,-23.607439,8.000000,0.228642
-28.525551,-23.661162,8.000000,0.227534
-28.427600,-23.703979,8.000000,0.226026
-28.290539,-23.734353,8.000000,0.224119
-28.120099,-23.754594,8.000000,0.221913
-27.922304,-23.767242,8.000000,0.219514
-27.703179,-23.774835,8.000000,0.217031
-27.468747,-23.779914,8.000000,0.214570
-27.225033,-23.785016,8.000000,0.212238
-26.978060,-23.792683,8.000000,0.210142
-26.733852,-23.805451,8.000000,0.208389
-26.498434,-23.825862,8.000000,0.207086
-26.277830,-23.856453,8.000000,0.206339
-26.078064,-23.899765,8.000000,0.206257
-25.905160,-23.958336,8.000000,0.206945
-25.765141,-24.034706,8.000000,0.208511
-25.664033,-24.131414,8.000000,0.211062
-25.607698,-24.250888,8.000000,0.214702
-25.597316,-24.392326,8.000000,0.219433
-25.628765,-24.551270,8.000000,0.225146
-25.697637,-24.723064,8.000000,0.231724
-25.799523,-24.903053,8.000000,0.239052
-25.930015,-25.086579,8.000000,0.247014
-26.084706,-25.268989,8.000000,0.255493
-26.259187,-25.445625,8.000000,0.264374
-26.449050,-25.611833,8.000000,0.273540
-26.649887,-25.762956,8.000000,0.282875
-26.857290,-25.894339,8.000000,0.292263
-27.066850,-26.001326,8.000000,0.301588
-27.274161,-26.079261,8.000000,0.310735
-27.474812,-26.123489,8.000000,0.319586
-27.664397,-26.129353,8.000000,0.328026
-27.838596,-26.092415,8.000000,0.335944
-27.995375,-26.013832,8.000000,0.343362
-28.135129,-25.900713,8.000000,0.350441
-28.258374,-25.760458,8.000000,0.357351
-28.365624,-25.600465,8.000000,0.364262
-28.457394,-25.428134,8.000000,0.371342
-28.534200,-25.250865,8.000000,0.378760
-28.596554,-25.076055,8.000000,0.386686
-28.644973,-24.911103,8.000000,0.395290
-28.679971,-24.763410,8.000000,0.404739
-28.702062,-24.640374,8.000000,0.415204
-28.711761,-24.549394,8.000000,0.426854
-28.709583,-24.497869,8.000000,0.439858
-28.696043,-24.493198,8.000000,0.454384
-28.671654,-24.542780,8.000000,0.470603
-28.636935,-24.653738,8.000000,0.488676
-28.592438,-24.826837,8.000000,0.508585
-28.538755,-25.056483,8.000000,0.530133
-28.476480,-25.336806,8.000000,0.553116
-28.406207,-25.661938,8.000000,0.577331
-28.328527,-26.026008,8.000000,0.602571
-28.244036,-26.423146,8.000000,0.628634
-28.153327,-26.847484,8.000000,0.655314
-28.056992,-27.293152,8.000000,0.682408
-27.955625,-27.754280,8.000000,0.709711
-27.849820,-28.224997,8.000000,0.737018
-27.740170,-28.699436,8.000000,0.764125
-27.627269,-29.171726,8.000000,0.790828
-27.511709,-29.635997,8.000000,0.816922
-27.394085,-30.086380,8.000000,0.842203
-27.274993,-30.517140,8.000000,0.866472
-27.155109,-30.925309,8.000000,0.889632
-27.035184,-31.310525,8.000000,0.911681
-26.915970,-31.672522,8.000000,0.932625
-26.798220,-32.011039,8.000000,0.952465
-26.682686,-32.325811,8.000000,0.971206
-26.570122,-32.616575,8.000000,0.988850
-26.461279,-32.883067,8.000000,1.005402
-26.356911,-33.125024,8.000000,1.020863
-26.257771,-33.342183,8.000000,1.035238
-26.164611,-33.534280,8.000000,1.048530
-26.078183,-33.701051,8.000000,1.060741
-25.999242,-33.842234,8.000000,1.071877
-25.928539,-33.957564,8.000000,1.081938
-25.866826,-34.046779,8.000000,1.090930
-25.814864,-34.109669,8.000000,1.098858
-25.773523,-34.147032,8.000000,1.105760
-25.743772,-34.160558,8.000000,1.111707
-25.726585,-34.151964,8.000000,1.116770
-25.722935,-34.122970,8.000000,1.121020
-25.733796,-34.075296,8.000000,1.124528
-25.760141,-34.010659,8.000000,1.127366
-25.802942,-33.930779,8.000000,1.129605
-25.863174,-33.837375,8.000000,1.131315
-25.941810,-33.732167,8.000000,1.132568
-26.039823,-33.616872,8.000000,1.133434
-26.158186,-33.493210,8.000000,1.133986
-26.297872,-33.362900,8.000000,1.134294
-26.459855,-33.227662,8.000000,1.134429
-26.645108,-33.089213,8.000000,1.134463
-26.854414,-32.949190,8.000000,1.134464
-27.085337,-32.807844,8.000000,1.134464
-27.332776,-32.664271,8.000000,1.134464
-27.591548,-32.517536,8.000000,1.134464
-27.856470,-32.366702,8.000000,1.134464
-28.122360,-32.210832,8.000000,1.134464
-28.384033,-32.048990,8.000000,1.134464
-28.636308,-31.880239,8.000000,1.134464
-28.874001,-31.703643,8.000000,1.134464
-29.091930,-31.518266,8.000000,1.134464
-29.284912,-31.323170,8.000000,1.134464
-29.447763,-31.117419,8.000000,1.134464
-29.575300,-30.900077,8.000000,1.134464
-29.662342,-30.670207,8.000000,1.134464
-29.703704,-30.426873,8.000000,1.134464
-29.694627,-30.169258,8.000000,1.134464
-29.636782,-29.898382,8.000000,1.134464
-29.536858,-29.616692,8.000000,1.134464
-29.401674,-29.326677,8.000000,1.134464
-29.238053,-29.030823,8.000000,1.134464
-29.052814,-28.731617,8.000000,1.134464
-28.852778,-28.431545,8.000000,1.134464
-28.644765,-28.133096,8.000000,1.134464
-28.435597,-27.838755,8.000000,1.134464
-28.232093,-27.551010,8.000000,1.134464
-28.041075,-27.272348,8.000000,1.134464
-27.869362,-27.005255,8.000000,1.134464
-27.723776,-26.752219,8.000000,1.134464
-27.611137,-26.515726,8.000000,1.134464
-27.538265,-26.298263,8.000000,1.134464
-27.511442,-26.102214,8.000000,1.134464
-27.529448,-25.928515,8.000000,1.134464
-27.585573,-25.777049,8.000000,1.134464
-27.672981,-25.647671,8.000000,1.134464
-27.784837,-25.540237,8.000000,1.134464
-27.914304,-25.454603,8.000000,1.134464
-28.054548,-25.390626,8.000000,1.134464
-28.198731,-25.348162,8.000000,1.134464
-28.340020,-25.327067,8.000000,1.134464
-28.471576,-25.327198,8.000000,1.134464
-28.586566,-25.348410,8.000000,1.134464
-28.678153,-25.390560,8.000000,1.134464
-28.739501,-25.453504,8.000000,1.134464
-28.763775,-25.537098,8.000000,1.134464
-28.744139,-25.641199,8.000000,1.134464
-28.674334,-25.765563,8.000000,1.134464
-28.555420,-25.908703,8.000000,1.134464
-28.393489,-26.068270,8.000000,1.134464
-28.194731,-26.241900,8.000000,1.134464
-27.965338,-26.427230,8.000000,1.134464
-27.711500,-26.621895,8.000000,1.134464
-27.439407,-26.823530,8.000000,1.134464
-27.155250,-27.029773,8.000000,1.134464
-26.865220,-27.238258,8.000000,1.134464
-26.575507,-27.446622,8.000000,1.134464
-26.292302,-27.652501,8.000000,1.134464
-26.021796,-27.853530,8.000000,1.134464
-25.770178,-28.047345,8.000000,1.134464
-25.543641,-28.231583,8.000000,1.134464
-25.348374,-28.403879,8.000000,1.134464
-25.190066,-28.561979,8.000000,1.134464
-25.068586,-28.704909,8.000000,1.134464
-24.980043,-28.832519,8.000000,1.134464
-24.920485,-28.944676,8.000000,1.134464
-24.885959,-29.041243,8.000000,1.134464
-24.872514,-29.122086,8.000000,1.134464
-24.876196,-29.187069,8.000000,1.134464
-24.893054,-29.236058,8.000000,1.134464
-24.919135,-29.268917,8.000000,1.134464
-24.950486,-29.285512,8.000000,1.134464
-24.983156,-29.285707,8.000000,1.134464
-25.013192,-29.269367,8.000000,1.134464
-25.036642,-29.236357,8.000000,1.134464
-25.049553,-29.186542,8.000000,1.134464
-25.047972,-29.119787,8.000000,1.134464
-25.028416,-29.036085,8.000000,1.134459
-24.992383,-28.936805,8.000000,1.134394
-24.944393,-28.824144,8.000000,1.134183
-24.889005,-28.700315,8.000000,1.133738
-24.830780,-28.567526,8.000000,1.132974
-24.774277,-28.427989,8.000000,1.131804
-24.724058,-28.283914,8.000000,1.130141
-24.684682,-28.137513,8.000000,1.127898
-24.660709,-27.990995,8.000000,1.124989
-24.656700,-27.846571,8.000000,1.121327
-24.677215,-27.706452,8.000000,1.116826
-24.726814,-27.572848,8.000000,1.111399
-24.810058,-27.447970,8.000000,1.104960
-24.931506,-27.334029,8.000000,1.097421
-25.095719,-27.233235,8.000000,1.088696
-25.306606,-27.147568,8.000000,1.078720
-25.561687,-27.076742,8.000000,1.067634
-25.854851,-27.019187,8.000000,1.055696
-26.179950,-26.973315,8.000000,1.043166
-26.530831,-26.937540,8.000000,1.030304
-26.901345,-26.910276,8.000000,1.017370
-27.285340,-26.889937,8.000000,1.004623
-27.676667,-26.874937,8.000000,0.992324
-28.069175,-26.863688,8.000000,0.980733
-28.456713,-26.854605,8.000000,0.970109
-28.833131,-26.846101,8.000000,0.960711
-29.192278,-26.836590,8.000000,0.952801
-29.528004,-26.824486,8.000000,0.946637
-29.834158,-26.808203,8.000000,0.942481
-30.104589,-26.786153,8.000000,0.940590
-30.333678,-26.757040,8.000000,0.941182
-30.520608,-26.722180,8.000000,0.944069
-30.667121,-26.684282,8.000000,0.948854
-30.774981,-26.646067,8.000000,0.955134
-30.845951,-26.610254,8.000000,0.962508
-30.881797,-26.579566,8.000000,0.970575
-30.884282,-26.556724,8.000000,0.978933
-30.855170,-26.544448,8.000000,0.987181
-30.796226,-26.545459,8.000000,0.994917
-30.709213,-26.562478,8.000000,1.001741
-30.595897,-26.598227,8.000000,1.007251
-30.458041,-26.655426,8.000000,1.011045
-30.297409,-26.736796,8.000000,1.012723
-30.115766,-26.845057,8.000000,1.011882
-29.914876,-26.982932,8.000000,1.008122
-29.696673,-27.152583,8.000000,1.001099
-29.464522,-27.351506,8.000000,0.990964
-29.222500,-27.574869,8.000000,0.978109
-28.974686,-27.817826,8.000000,0.962933
-28.725163,-28.075529,8.000000,0.945829
-28.478011,-28.343130,8.000000,0.927195
-28.237313,-28.615783,8.000000,0.907426
-28.007149,-28.888639,8.000000,0.886919
-27.791600,-29.156851,8.000000,0.866069
-27.594748,-29.415571,8.000000,0.845273
-27.420675,-29.659953,8.000000,0.824926
-27.273461,-29.885149,8.000000,0.805425
-27.157187,-30.086310,8.000000,0.787166
-27.075936,-30.258590,8.000000,0.770544
-27.033788,-30.397141,8.000000,0.755956
-27.034081,-30.497796,8.000000,0.743752
-27.074400,-30.561652,8.000000,0.733928
-27.149648,-30.592262,8.000000,0.726316
-27.254710,-30.593193,8.000000,0.720747
-27.384473,-30.568012,8.000000,0.717050
-27.533823,-30.520285,8.000000,0.715056
-27.697648,-30.453579,8.000000,0.714596
-27.870834,-30.371461,8.000000,0.715500
-28.048267,-30.277498,8.000000,0.717598
-28.224833,-30.175256,8.000000,0.720721
-28.395420,-30.068302,8.000000,0.724700
-28.554914,-29.960203,8.000000,0.729364
-28.698202,-29.854526,8.000000,0.734544
-28.820169,-29.754837,8.000000,0.740071
-28.915703,-29.664703,8.000000,0.745776
-28.980372,-29.587227,8.000000,0.751506
-29.014631,-29.522183,8.000000,0.757244
-29.021067,-29.467890,8.000000,0.763031
-29.002276,-29.422666,8.000000,0.768907
-28.960854,-29.384824,8.000000,0.774912
-28.899398,-29.352680,8.000000,0.781086
-28.820504,-29.324549,8.000000,0.787471
-28.726769,-29.298746,8.000000,0.794106
-28.620787,-29.273587,8.000000,0.801032
-28.505157,-29.247386,8.000000,0.808289
-28.382473,-29.218459,8.000000,0.815918
-28.255332,-29.185120,8.000000,0.823960
-28.126331,-29.145685,8.000000,0.832453
-27.998065,-29.098470,8.000000,0.841440
-27.873131,-29.041788,8.000000,0.850961
-27.754041,-28.974428,8.000000,0.861032
-27.642757,-28.898313,8.000000,0.871521
-27.541013,-28.816649,8.000000,0.882231
-27.450543,-28.732643,8.000000,0.892968
-27.373081,-28.649504,8.000000,0.903535
-27.310361,-28.570440,8.000000,0.913736
-27.264118,-28.498659,8.000000,0.923376
-27.236086,-28.437370,8.000000,0.932260
-27.227999,-28.389780,8.000000,0.940191
-27.241590,-28.359099,8.000000,0.946973
-27.278595,-28.348534,8.000000,0.952412
-27.340748,-28.361294,8.000000,0.956310
-27.429781,-28.400586,8.000000,0.958473
-27.547431,-28.469620,8.000000,0.958705
-27.695430,-28.571603,8.000000,0.956810
-27.874738,-28.708842,8.000000,0.952628
-28.081527,-28.878075,8.000000,0.946222
-28.310149,-29.073919,8.000000,0.937737
-28.554948,-29.290988,8.000000,0.927319
-28.810270,-29.523896,8.000000,0.915117
-29.070463,-29.767253,8.000000,0.901275
-29.329871,-30.015675,8.000000,0.885941
-29.582842,-30.263774,8.000000,0.869261
-29.823721,-30.506162,8.000000,0.851382
-30.046854,-30.737454,8.000000,0.832450
-30.246587,-30.952262,8.000000,0.812611
-30.417266,-31.145199,8.000000,0.792013
-30.553238,-31.310878,8.000000,0.770801
-30.648849,-31.443913,8.000000,0.749123
-30.698444,-31.538915,8.000000,0.727125
-30.697493,-31.591686,8.000000,0.704948
-30.647904,-31.604832,8.000000,0.682708
-30.553876,-31.583378,8.000000,0.660511
-30.419611,-31.532356,8.000000,0.638463
-30.249310,-31.456794,8.000000,0.616668
-30.047175,-31.361723,8.000000,0.595233
-29.817408,-31.252174,8.000000,0.574264
-29.564210,-31.133174,8.000000,0.553866
-29.291784,-31.009756,8.000000,0.534146
-29.004331,-30.886948,8.000000,0.515208
-28.706053,-30.769780,8.000000,0.497158
-28.401152,-30.663283,8.000000,0.480103
-28.093828,-30.572487,8.000000,0.464148
-27.788285,-30.502420,8.000000,0.449399
-27.488724,-30.458113,8.000000,0.435962
-27.198920,-30.443235,8.000000,0.423936
-26.920379,-30.454187,8.000000,0.413392
-26.653852,-30.484965,8.000000,0.404391
-26.400091,-30.529561,8.000000,0.396993
-26.159846,-30.581966,8.000000,0.391259
-25.933870,-30.636172,8.000000,0.387250
-25.722912,-30.686171,8.000000,0.385026
-25.527724,-30.725955,8.000000,0.384648
-25.349057,-30.749517,8.000000,0.386176
-25.187662,-30.750848,8.000000,0.389671
-25.044291,-30.723941,8.000000,0.395194
-24.919694,-30.662787,8.000000,0.402805
-24.814623,-30.561378,8.000000,0.412565
-24.729829,-30.413706,8.000000,0.424534
-24.666062,-30.213764,8.000000,0.438773
-24.623831,-29.957744,8.000000,0.455305
-24.602434,-29.652757,8.000000,0.473963
-24.600796,-29.309290,8.000000,0.494523
-24.617843,-28.937832,8.000000,0.516761
-24.652499,-28.548871,8.000000,0.540451
-24.703689,-28.152896,8.000000,0.565369
-24.770338,-27.760395,8.000000,0.591291
-24.851371,-27.381857,8.000000,0.617992
-24.945713,-27.027771,8.000000,0.645248
-25.052289,-26.708625,8.000000,0.672833
-25.170025,-26.434907,8.000000,0.700524
-25.297844,-26.217107,8.000000,0.728096
-25.434672,-26.065712,8.000000,0.755324
-25.579434,-25.991212,8.000000,0.781984
-25.731054,-26.004095,8.000000,0.807851
-25.888122,-26.111552,8.000000,0.832710
-26.047676,-26.305560,8.000000,0.856386
-26.206304,-26.573708,8.000000,0.878718
-26.360599,-26.903585,8.000000,0.899543
-26.507149,-27.282779,8.000000,0.918700
-26.642545,-27.698881,8.000000,0.936027
-26.763378,-28.139480,8.000000,0.951362
-26.866237,-28.592163,8.000000,0.964542
-26.947713,-29.044520,8.000000,0.975406
-27.004395,-29.484141,8.000000,0.983791
-27.032876,-29.898614,8.000000,0.989536
-27.029743,-30.275528,8.000000,0.992479
-26.991589,-30.602473,8.000000,0.992457
-26.915002,-30.867037,8.000000,0.989309
-26.796574,-31.056809,8.000000,0.982873
-26.634528,-31.162584,8.000000,0.973059
-26.434111,-31.188925,8.000000,0.960091
-26.202454,-31.144092,8.000000,0.944275
-25.946688,-31.036347,8.000000,0.925918
-25.673944,-30.873949,8.000000,0.905328
-25.391353,-30.665160,8.000000,0.882812
-25.106047,-30.418240,8.000000,0.858675
-24.825157,-30.141449,8.000000,0.833226
-24.555814,-29.843049,8.000000,0.806772
-24.305149,-29.531300,8.000000,0.779618
-24.080294,-29.214463,8.000000,0.752073
-23.888379,-28.900798,8.000000,0.724443
-23.736535,-28.598566,8.000000,0.697036
-23.631895,-28.316028,8.000000,0.670157
-23.581589,-28.061444,8.000000,0.644115
-23.590616,-27.841000,8.000000,0.619162
-23.655447,-27.652584,8.000000,0.595340
-23.770423,-27.492011,8.000000,0.572635
-23.929881,-27.355093,8.000000,0.551035
-24.128162,-27.237643,8.000000,0.530526
-24.359605,-27.135476,8.000000,0.511096
-24.618548,-27.044404,8.000000,0.492731
-24.899332,-26.960242,8.000000,0.475420
-25.196295,-26.878802,8.000000,0.459149
-25.503776,-26.795899,8.000000,0.443905
-25.816116,-26.707345,8.000000,0.429675
-26.127653,-26.608954,8.000000,0.416447
-26.432726,-26.496540,8.000000,0.404207
-26.725675,-26.365916,8.000000,0.392943
-27.000839,-26.212895,8.000000,0.382642
-27.253896,-26.035067,8.000000,0.373307
-27.485510,-25.836634,8.000000,0.365005
-27.697505,-25.623337,8.000000,0.357817
-27.891705,-25.400918,8.000000,0.351824
-28.069934,-25.175119,8.000000,0.347106
-28.234018,-24.951681,8.000000,0.343744
-28.385779,-24.736345,8.000000,0.341818
-28.527043,-24.534853,8.000000,0.341411
-28.659633,-24.352947,8.000000,0.342601
-28.785375,-24.196368,8.000000,0.345471
-28.906091,-24.070857,8.000000,0.350101
-29.023607,-23.982157,8.000000,0.356572
-29.139747,-23.936008,8.000000,0.364964
-29.256334,-23.938153,8.000000,0.375359
-29.375194,-23.994332,8.000000,0.387837
-29.497291,-24.107771,8.000000,0.402389
-29.620610,-24.272969,8.000000,0.418697
-29.742492,-24.482534,8.000000,0.436374
-29.860274,-24.729074,8.000000,0.455035
-29.971296,-25.005198,8.000000,0.474292
-30.072899,-25.303513,8.000000,0.493761
-30.162421,-25.616627,8.000000,0.513055
-30.237201,-25.937149,8.000000,0.531788
-30.294580,-26.257686,8.000000,0.549574
-30.331896,-26.570848,8.000000,0.566026
-30.346489,-26.869241,8.000000,0.580759
-30.335698,-27.145474,8.000000,0.593386
-30.296863,-27.392155,8.000000,0.603521
-30.227322,-27.601892,8.000000,0.610779
-30.124417,-27.767295,8.000000,0.614773
-29.986911,-27.883972,8.000000,0.615255
-29.818178,-27.957234,8.000000,0.612420
-29.622517,-27.994344,8.000000,0.606555
-29.404231,-28.002568,8.000000,0.597946
-29.167619,-27.989170,8.000000,0.586878
-28.916983,-27.961415,8.000000,0.573637
-28.656624,-27.926567,8.000000,0.558509
-28.390843,-27.891892,8.000000,0.541781
-28.123941,-27.864654,8.000000,0.523737
-27.860219,-27.852119,8.000000,0.504664
-27.603977,-27.861549,8.000000,0.484847
-27.359517,-27.900212,8.000000,0.464573
-27.131140,-27.975370,8.000000,0.444128
-26.923146,-28.094289,8.000000,0.423796
-26.739836,-28.264232,8.000000,0.403864
-26.584133,-28.488497,8.000000,0.384573
-26.454813,-28.758446,8.000000,0.366027
-26.349872,-29.063200,8.000000,0.348306
-26.267307,-29.391880,8.000000,0.331488
-26.205116,-29.733609,8.000000,0.315653
-26.161295,-30.077507,8.000000,0.300880
-26.133842,-30.412695,8.000000,0.287248
-26.120753,-30.728296,8.000000,0.274836
-26.120026,-31.013430,8.000000,0.263723
-26.129657,-31.257218,8.000000,0.253989
-26.147644,-31.448783,8.000000,0.245712
-26.171984,-31.577245,8.000000,0.238972
-26.200674,-31.631726,8.000000,0.233848
-26.231710,-31.601347,8.000000,0.230419
-26.263091,-31.475237,8.000000,0.228764
-26.293454,-31.248283,8.000000,0.228914
-26.323235,-30.931561,8.000000,0.230766
-26.353181,-30.538973,8.000000,0.234192
-26.384043,-30.084416,8.000000,0.239064
-26.416569,-29.581792,8.000000,0.245256
-26.451507,-29.045000,8.000000,0.252640
-26.489608,-28.487940,8.000000,0.261089
-26.531618,-27.924513,8.000000,0.270476
-26.578288,-27.368617,8.000000,0.280672
-26.630367,-26.834153,8.000000,0.291551
-26.688603,-26.335020,8.000000,0.302986
-26.753744,-25.885119,8.000000,0.314850
-26.826541,-25.498350,8.000000,0.327014
-26.907741,-25.188612,8.000000,0.339351
-26.998093,-24.969794,8.000000,0.351735
-27.097929,-24.849926,8.000000,0.364058
-27.206491,-24.821673,8.000000,0.376266
-27.322844,-24.875206,8.000000,0.388313
-27.446053,-25.000698,8.000000,0.400154
-27.575182,-25.188322,8.000000,0.411742
-27.709297,-25.428249,8.000000,0.423032
-27.847463,-25.710653,8.000000,0.433979
-27.988744,-26.025705,8.000000,0.444536
-28.132205,-26.363579,8.000000,0.454658
-28.276912,-26.714446,8.000000,0.464299
-28.421929,-27.068480,8.000000,0.473414
-28.566322,-27.415852,8.000000,0.481956
-28.709155,-27.746735,8.000000,0.489881
-28.849492,-28.051302,8.000000,0.497141
-28.986400,-28.319736,8.000000,0.503693
-29.118730,-28.545924,8.000000,0.509530
-29.244817,-28.732832,8.000000,0.514748
-29.362918,-28.884792,8.000000,0.519457
-29.471291,-29.006135,8.000000,0.523766
-29.568193,-29.101193,8.000000,0.527787
-29.651880,-29.174298,8.000000,0.531628
-29.720609,-29.229781,8.000000,0.535400
-29.772638,-29.271974,8.000000,0.539212
-29.806223,-29.305209,8.000000,0.543175
-29.819621,-29.333817,8.000000,0.547399
-29.811090,-29.362130,8.000000,0.551994
-29.778887,-29.394479,8.000000,0.557069
-29.721268,-29.435197,8.000000,0.562735
-29.636490,-29.488614,8.000000,0.569101
-29.522817,-29.559056,8.000000,0.576278
-29.379944,-29.649122,8.000000,0.584312
-29.210845,-29.757458,8.000000,0.593107
-29.018956,-29.882159,8.000000,0.602546
-28.807711,-30.021321,8.000000,0.612512
-28.580542,-30.173038,8.000000,0.622890
-28.340885,-30.335405,8.000000,0.633561
-28.092172,-30.506518,8.000000,0.644410
-27.837839,-30.684471,8.000000,0.655319
-27.581318,-30.867360,8.000000,0.666172
-27.326044,-31.053279,8.000000,0.676853
-27.075450,-31.240323,8.000000,0.687245
-26.832970,-31.426588,8.000000,0.697231
-26.602039,-31.610169,8.000000,0.706694
-26.386091,-31.789160,8.000000,0.715518
-26.188550,-31.961655,8.000000,0.723586
-26.011487,-32.125432,8.000000,0.730821
-25.854058,-32.277596,8.000000,0.737226
-25.715046,-32.415164,8.000000,0.742818
-25.593233,-32.535153,8.000000,0.747610
-25.487400,-32.634580,8.000000,0.751619
-25.396328,-32.710463,8.000000,0.754859
-25.318800,-32.759817,8.000000,0.757346
-25.253598,-32.779661,8.000000,0.759095
-25.199503,-32.767012,8.000000,0.760121
-25.155296,-32.718886,8.000000,0.760439
-25.119760,-32.632302,8.000000,0.760064
-25.091677,-32.504275,8.000000,0.759012
-25.069828,-32.331823,8.000000,0.757298
-25.052995,-32.111963,8.000000,0.754936
-25.039964,-31.841736,8.000000,0.751942
-25.030203,-31.521338,8.000000,0.748373
-25.024541,-31.157300,8.000000,0.744367
-25.023973,-30.756911,8.000000,0.740072
-25.029492,-30.327459,8.000000,0.735636
-25.042092,-29.876233,8.000000,0.731207
-25.062766,-29.410522,8.000000,0.726934
-25.092509,-28.937613,8.000000,0.722963
-25.132313,-28.464795,8.000000,0.719444
-25.183174,-27.999357,8.000000,0.716524
-25.246083,-27.548587,8.000000,0.714352
-25.322036,-27.119774,8.000000,0.713075
-25.412025,-26.720205,8.000000,0.712842
-25.517045,-26.357170,8.000000,0.713800
-25.638088,-26.037957,8.000000,0.716098
-25.776140,-25.769827,8.000000,0.719883
-25.931155,-25.557109,8.000000,0.725188
-26.101148,-25.398614,8.000000,0.731828
-26.283926,-25.292549,8.000000,0.739597
-26.477290,-25.237117,8.000000,0.748289
-26.679046,-25.230524,8.000000,0.757696
-26.886996,-25.270974,8.000000,0.767611
-27.098944,-25.356672,8.000000,0.777828
-27.312694,-25.485822,8.000000,0.788140
-27.526050,-25.656630,8.000000,0.798339
-27.736816,-25.867299,8.000000,0.808219
-27.942795,-26.116035,8.000000,0.817573
-28.141791,-26.401042,8.000000,0.826194
-28.331607,-26.720524,8.000000,0.833875
-28.510048,-27.072687,8.000000,0.840409
-28.674921,-27.455711,8.000000,0.845591
-28.824459,-27.865674,8.000000,0.849363
-28.957636,-28.294946,8.000000,0.851924
-29.073503,-28.735524,8.000000,0.853503
-29.171112,-29.179402,8.000000,0.854325
-29.249513,-29.618574,8.000000,0.854617
-29.307758,-30.045036,8.000000,0.854607
-29.344897,-30.450781,8.000000,0.854520
-29.359983,-30.827806,8.000000,0.854584
-29.352065,-31.168104,8.000000,0.855025
-29.320195,-31.463670,8.000000,0.856071
-29.263424,-31.706499,8.000000,0.857947
-29.180803,-31.888587,8.000000,0.860881
-29.071384,-32.001926,8.000000,0.865100
-28.934216,-32.038514,8.000000,0.870829
-28.768384,-31.990437,8.000000,0.878294
-28.575297,-31.856560,8.000000,0.887513
-28.360204,-31.646937,8.000000,0.898165
-28.128716,-31.372668,8.000000,0.909900
-27.886441,-31.044856,8.000000,0.922365
-27.638990,-30.674604,8.000000,0.935208
-27.391974,-30.273013,8.000000,0.948078
-27.151000,-29.851185,8.000000,0.960623
-26.921681,-29.420222,8.000000,0.972491
-26.709624,-28.991227,8.000000,0.983330
-26.520441,-28.575301,8.000000,0.992788
-26.359742,-28.183546,8.000000,1.000515
-26.233135,-27.827065,8.000000,1.006157
-26.146230,-27.516960,8.000000,1.009363
-26.104639,-27.264332,8.000000,1.009781
-26.113906,-27.080168,8.000000,1.007064
-26.175711,-26.968543,8.000000,1.001110
-26.285745,-26.922816,8.000000,0.992199
-26.439181,-26.935424,8.000000,0.980643
-26.631195,-26.998805,8.000000,0.966755
-26.856961,-27.105396,8.000000,0.950847
-27.111653,-27.247635,8.000000,0.933232
-27.390445,-27.417960,8.000000,0.914223
-27.688513,-27.608808,8.000000,0.894132
-28.001030,-27.812616,8.000000,0.873272
-28.323172,-28.021823,8.000000,0.851956
-28.650112,-28.228866,8.000000,0.830495
-28.977025,-28.426182,8.000000,0.809203
-29.299086,-28.606209,8.000000,0.788392
-29.611469,-28.761385,8.000000,0.768374
-29.909379,-28.884216,8.000000,0.749459
-30.189617,-28.970754,8.000000,0.731758
-30.451302,-29.022201,8.000000,0.715094
-30.693733,-29.040170,8.000000,0.699269
-30.916214,-29.026269,8.000000,0.684083
-31.118045,-28.982111,8.000000,0.669339
-31.298527,-28.909305,8.000000,0.654836
-31.456963,-28.809461,8.000000,0.640378
-31.592652,-28.684191,8.000000,0.625763
-31.704898,-28.535105,8.000000,0.610795
-31.793000,-28.363813,8.000000,0.595274
-31.856261,-28.171927,8.000000,0.579001
-31.893981,-27.961055,8.000000,0.561777
-31.905463,-27.732810,8.000000,0.543404
-31.890007,-27.488801,8.000000,0.523683
-31.846954,-27.230644,8.000000,0.502419
-31.777378,-26.960181,8.000000,0.479623
-31.684718,-26.679565,8.000000,0.455584
-31.572582,-26.390969,8.000000,0.430609
-31.444581,-26.096567,8.000000,0.405008
-31.304323,-25.798533,8.000000,0.379089
-31.155417,-25.499041,8.000000,0.353162
-31.001474,-25.200266,8.000000,0.327534
-30.846102,-24.904381,8.000000,0.302514
-30.692910,-24.613560,8.000000,0.278412
-30.545509,-24.329977,8.000000,0.255535
-30.407506,-24.055806,8.000000,0.234193
-30.282512,-23.793222,8.000000,0.214694
-30.174135,-23.544397,8.000000,0.197347
-30.085985,-23.311507,8.000000,0.182460
-30.021597,-23.096692,8.000000,0.170336
-29.981678,-22.900817,8.000000,0.160998
-29.963306,-22.723118,8.000000,0.154118
-29.963324,-22.562720,8.000000,0.149341
-29.978575,-22.418748,8.000000,0.146316
-30.005898,-22.290331,8.000000,0.144690
-30.042138,-22.176592,8.000000,0.144108
-30.084134,-22.076659,8.000000,0.144219
-30.128730,-21.989659,8.000000,0.144669
-30.172767,-21.914716,8.000000,0.145105
-30.213086,-21.850957,8.000000,0.145175
-30.246530,-21.797509,8.000000,0.144525
-30.269941,-21.753498,8.000000,0.142802
-30.280160,-21.718049,8.000000,0.139654
-30.274029,-21.690289,8.000000,0.134727
-30.248472,-21.669390,8.000000,0.127678
-30.203131,-21.656021,8.000000,0.118470
-30.140923,-21.652659,8.000000,0.107439
-30.064960,-21.661886,8.000000,0.094939
-29.978353,-21.686285,8.000000,0.081329
-29.884215,-21.728441,8.000000,0.066963
-29.785658,-21.790936,8.000000,0.052199
-29.685793,-21.876354,8.000000,0.037393
-29.587733,-21.987277,8.000000,0.022902
-29.494589,-22.126289,8.000000,0.009081
-29.409474,-22.295974,8.000000,-0.003713
-29.335498,-22.498914,8.000000,-0.015123
-29.275775,-22.737693,8.000000,-0.024793
-29.233416,-23.014894,8.000000,-0.032366
-29.211532,-23.333101,8.000000,-0.037487
-29.213104,-23.694747,8.000000,-0.039808
-29.237237,-24.097930,8.000000,-0.039267
-29.278655,-24.535838,8.000000,-0.036125
-29.331844,-25.001394,8.000000,-0.030657
-29.391290,-25.487520,8.000000,-0.023142
-29.451479,-25.987139,8.000000,-0.013856
-29.506900,-26.493174,8.000000,-0.003076
-29.552037,-26.998548,8.000000,0.008919
-29.581377,-27.496185,8.000000,0.021855
-29.589408,-27.979006,8.000000,0.035452
-29.570615,-28.439935,8.000000,0.049435
-29.519484,-28.871895,8.000000,0.063526
-29.430504,-29.267809,8.000000,0.077448
-29.298159,-29.620598,8.000000,0.090923
-29.116936,-29.923188,8.000000,0.103675
-28.881613,-30.168726,8.000000,0.115431
-28.594461,-30.356199,8.000000,0.126007
-28.265724,-30.490808,8.000000,0.135320
-27.906036,-30.578053,8.000000,0.143290
-27.526027,-30.623434,8.000000,0.149836
-27.136330,-30.632451,8.000000,0.154879
-26.747577,-30.610607,8.000000,0.158338
-26.370400,-30.563400,8.000000,0.160135
-26.015431,-30.496332,8.000000,0.160189
-25.693302,-30.414904,8.000000,0.158420
-25.414645,-30.324615,8.000000,0.154748
-25.190092,-30.230967,8.000000,0.149094
-25.030275,-30.139459,8.000000,0.141377
-24.945827,-30.055594,8.000000,0.131517
-24.947378,-29.984870,8.000000,0.119435
-25.045119,-29.932641,8.000000,0.105060
-25.239041,-29.900849,8.000000,0.088539
-25.518941,-29.888026,8.000000,0.070234
-25.874174,-29.892555,8.000000,0.050518
-26.294093,-29.912822,8.000000,0.029763
-26.768051,-29.947208,8.000000,0.008342
-27.285403,-29.994100,8.000000,-0.013373
-27.835501,-30.051879,8.000000,-0.035010
-28.407699,-30.118931,8.000000,-0.056195
-28.991351,-30.193638,8.000000,-0.076558
-29.575810,-30.274386,8.000000,-0.095724
-30.150431,-30.359557,8.000000,-0.113322
-30.704567,-30.447536,8.000000,-0.128979
-31.227570,-30.536706,8.000000,-0.142323
-31.708796,-30.625452,8.000000,-0.152981
-32.137892,-30.712207,8.000000,-0.160598
-32.510579,-30.796415,8.000000,-0.165151
-32.828288,-30.878476,8.000000,-0.166932
-33.092670,-30.958824,8.000000,-0.166247
-33.305374,-31.037895,8.000000,-0.163399
-33.468051,-31.116122,8.000000,-0.158694
-33.582354,-31.193941,8.000000,-0.152435
-33.649931,-31.271786,8.000000,-0.144927
-33.672435,-31.350093,8.000000,-0.136474
-33.651515,-31.429296,8.000000,-0.127382
-33.588823,-31.509830,8.000000,-0.117955
-33.486010,-31.592130,8.000000,-0.108496
-33.344725,-31.676632,8.000000,-0.099312
-33.166621,-31.763768,8.000000,-0.090705
-32.953347,-31.853976,8.000000,-0.082981
-32.706601,-31.947569,8.000000,-0.076436
-32.428928,-32.042641,8.000000,-0.071229
-32.123624,-32.135323,8.000000,-0.067392
-31.794010,-32.221679,8.000000,-0.064956
-31.443408,-32.297772,8.000000,-0.063949
-31.075139,-32.359665,8.000000,-0.064402
-30.692526,-32.403423,8.000000,-0.066345
-30.298888,-32.425109,8.000000,-0.069807
-29.897549,-32.420786,8.000000,-0.074817
-29.491829,-32.386518,8.000000,-0.081405
-29.085050,-32.318368,8.000000,-0.089601
-28.680534,-32.212401,8.000000,-0.099435
-28.281601,-32.064679,8.000000,-0.110936
-27.891574,-31.871267,8.000000,-0.124134
-27.513775,-31.628227,8.000000,-0.139058
-27.151454,-31.332015,8.000000,-0.155727
-26.806696,-30.985648,8.000000,-0.173970
-26.480614,-30.597592,8.000000,-0.193461
-26.174292,-30.176477,8.000000,-0.213867
-25.888816,-29.730933,8.000000,-0.234856
-25.625269,-29.269590,8.000000,-0.256096
-25.384737,-28.801079,8.000000,-0.277257
-25.168302,-28.334029,8.000000,-0.298004
-24.977051,-27.877071,8.000000,-0.318008
-24.812067,-27.438834,8.000000,-0.336935
-24.674434,-27.027949,8.000000,-0.354454
-24.565238,-26.653046,8.000000,-0.370233
-24.485563,-26.322755,8.000000,-0.383940
-24.436492,-26.045706,8.000000,-0.395243
-24.419111,-25.830530,8.000000,-0.403811
-24.434404,-25.685314,8.000000,-0.409333
-24.481837,-25.609902,8.000000,-0.411838
-24.559692,-25.597706,8.000000,-0.411619
-24.666219,-25.641968,8.000000,-0.408977
-24.799668,-25.735931,8.000000,-0.404210
-24.958289,-25.872837,8.000000,-0.397620
-25.140332,-26.045930,8.000000,-0.389504
-25.344049,-26.248451,8.000000,-0.380165
-25.567688,-26.473643,8.000000,-0.369900
-25.809501,-26.714749,8.000000,-0.359011
-26.067738,-26.965012,8.000000,-0.347797
-26.340648,-27.217673,8.000000,-0.336557
-26.626482,-27.465976,8.000000,-0.325592
-26.923491,-27.703163,8.000000,-0.315202
-27.229924,-27.922476,8.000000,-0.305686
-27.543923,-28.117533,8.000000,-0.297329
-27.862114,-28.287148,8.000000,-0.290212
-28.180017,-28.433940,8.000000,-0.284266
-28.493122,-28.560615,8.000000,-0.279418
-28.796924,-28.669880,8.000000,-0.275596
-29.086915,-28.764442,8.000000,-0.272726
-29.358588,-28.847007,8.000000,-0.270735
-29.607435,-28.920283,8.000000,-0.269552
-29.828949,-28.986974,8.000000,-0.269104
-30.018623,-29.049789,8.000000,-0.269317
-30.171949,-29.111433,8.000000,-0.270119
-30.284421,-29.174613,8.000000,-0.271438
-30.351531,-29.242035,8.000000,-0.273200
-30.368772,-29.316407,8.000000,-0.275334
-30.331637,-29.400435,8.000000,-0.277765
-30.236141,-29.496500,8.000000,-0.280424
-30.084948,-29.602861,8.000000,-0.283253
-29.885288,-29.714942,8.000000,-0.286208
-29.644482,-29.828112,8.000000,-0.289242
-29.369851,-29.937739,8.000000,-0.292311
-29.068714,-30.039191,8.000000,-0.295369
-28.748393,-30.127838,8.000000,-0.298372
-28.416208,-30.199047,8.000000,-0.301273
-28.079481,-30.248188,8.000000,-0.304027
-27.745530,-30.270628,8.000000,-0.306590
-27.421678,-30.261737,8.000000,-0.308915
-27.115244,-30.216883,8.000000,-0.310958
-26.833549,-30.131433,8.000000,-0.312673
-26.583915,-30.000758,8.000000,-0.314015
-26.373660,-29.820225,8.000000,-0.314938
-26.209565,-29.585845,8.000000,-0.315396
-26.092113,-29.301094,8.000000,-0.315308
-26.017726,-28.974267,8.000000,-0.314576
-25.982758,-28.613736,8.000000,-0.313101
-25.983563,-28.227875,8.000000,-0.310784
-26.016496,-27.825057,8.000000,-0.307526
-26.077910,-27.413657,8.000000,-0.303228
-26.164159,-27.002047,8.000000,-0.297790
-26.271599,-26.598601,8.000000,-0.291114
-26.396583,-26.211692,8.000000,-0.283100
-26.535465,-25.849695,8.000000,-0.273649
-26.684600,-25.520982,8.000000,-0.262663
-26.840341,-25.233928,8.000000,-0.250042
-26.999044,-24.996905,8.000000,-0.235688
-27.157061,-24.818287,8.000000,-0.219500
-27.311000,-24.705683,8.000000,-0.201394
-27.460167,-24.658541,8.000000,-0.181431
-27.605501,-24.671366,8.000000,-0.159761
-27.747963,-24.738597,8.000000,-0.136536
-27.888515,-24.854671,8.000000,-0.111906
-28.028118,-25.014027,8.000000,-0.086023
-28.167735,-25.211102,8.000000,-0.059039
-28.308327,-25.440334,8.000000,-0.031104
-28.450856,-25.696161,8.000000,-0.002370
-28.596283,-25.973020,8.000000,0.027011
-28.745571,-26.265350,8.000000,0.056889
-28.899681,-26.567589,8.000000,0.087112
-29.059574,-26.874173,8.000000,0.117529
-29.226213,-27.179542,8.000000,0.147988
-29.400559,-27.478132,8.000000,0.178338
-29.583305,-27.764654,8.000000,0.208439
-29.772509,-28.036481,8.000000,0.238257
-29.964731,-28.292500,8.000000,0.267820
-30.156515,-28.531617,8.000000,0.297157
-30.344405,-28.752736,8.000000,0.326294
-30.524943,-28.954761,8.000000,0.355261
-30.694673,-29.136597,8.000000,0.384086
-30.850139,-29.297148,8.000000,0.412797
-30.987884,-29.435320,8.000000,0.441422
-31.104453,-29.550016,8.000000,0.469989
-31.196387,-29.640141,8.000000,0.498526
-31.260232,-29.704600,8.000000,0.527063
-31.292530,-29.742298,8.000000,0.555626
-31.289825,-29.752138,8.000000,0.584244
-31.248660,-29.733026,8.000000,0.612946
-31.166052,-29.684109,8.000000,0.641749
-31.043292,-29.606742,8.000000,0.670584
-30.883947,-29.503451,8.000000,0.699332
-30.691606,-29.376774,8.000000,0.727875
-30.469858,-29.229249,8.000000,0.756096
-30.222290,-29.063414,8.000000,0.783875
-29.952491,-28.881807,8.000000,0.811095
-29.664049,-28.686965,8.000000,0.837637
-29.360553,-28.481426,8.000000,0.863384
-29.045591,-28.267729,8.000000,0.888216
-28.722751,-28.048412,8.000000,0.912017
-28.395622,-27.826011,8.000000,0.934667
-28.067791,-27.603065,8.000000,0.956049
-27.742849,-27.382112,8.000000,0.976044
-27.424381,-27.165690,8.000000,0.994534
-27.115684,-26.956308,8.000000,1.011416
-26.817588,-26.756241,8.000000,1.026715
-26.529699,-26.567643,8.000000,1.040518
-26.251613,-26.392671,8.000000,1.052913
-25.982926,-26.233480,8.000000,1.063989
-25.723235,-26.092224,8.000000,1.073833
-25.472136,-25.971060,8.000000,1.082535
-25.229224,-25.872142,8.000000,1.090182
-24.994097,-25.797626,8.000000,1.096862
-24.766350,-25.749668,8.000000,1.102664
-24.545579,-25.730421,8.000000,1.107676
-24.331381,-25.742042,8.000000,1.111986
-24.123351,-25.786685,8.000000,1.115682
-23.921087,-25.866507,8.000000,1.118853
-23.724184,-25.983662,8.000000,1.121587
-23.532427,-26.139784,8.000000,1.123967
-23.347060,-26.332470,8.000000,1.126033
-23.170007,-26.557435,8.000000,1.127809
-23.003197,-26.810382,8.000000,1.129316
-22.848559,-27.087016,8.000000,1.130576
-22.708020,-27.383039,8.000000,1.131612
-22.583510,-27.694157,8.000000,1.132446
-22.476956,-28.016072,8.000000,1.133098
-22.390287,-28.344488,8.000000,1.133593
-22.325432,-28.675110,8.000000,1.133950
-22.284319,-29.003640,8.000000,1.134194
-22.268876,-29.325784,8.000000,1.134345
-22.281031,-29.637244,8.000000,1.134425
-22.322714,-29.933725,8.000000,1.134458
-22.395853,-30.210930,8.000000,1.134464
-22.501768,-30.465074,8.000000,1.134453
-22.637427,-30.696039,8.000000,1.134344
-22.797895,-30.905305,8.000000,1.134016
-22.978232,-31.094359,8.000000,1.133347
-23.173497,-31.264690,8.000000,1.132217
-23.378747,-31.417784,8.000000,1.130504
-23.589043,-31.555129,8.000000,1.128087
-23.799442,-31.678213,8.000000,1.124844
-24.005003,-31.788522,8.000000,1.120655
-24.200785,-31.887544,8.000000,1.115399
-24.381847,-31.976767,8.000000,1.108954
-24.543247,-32.057677,8.000000,1.101199
-24.680044,-32.131763,8.000000,1.092012
-24.787297,-32.200511,8.000000,1.081274
-24.860064,-32.265410,8.000000,1.068862
-24.894211,-32.327611,8.000000,1.054692
-24.890957,-32.386041,8.000000,1.038927
-24.853709,-32.438718,8.000000,1.021830
-24.785881,-32.483656,8.000000,1.003664
-24.690883,-32.518872,8.000000,0.984692
-24.572130,-32.542380,8.000000,0.965177
-24.433034,-32.552195,8.000000,0.945383
-24.277006,-32.546333,8.000000,0.925573
-24.107461,-32.522808,8.000000,0.906010
-23.927811,-32.479637,8.000000,0.886958
-23.741467,-32.414834,8.000000,0.868679
-23.551844,-32.326414,8.000000,0.851436
-23.362353,-32.212393,8.000000,0.835494
-23.176407,-32.070786,8.000000,0.821115
-22.997419,-31.899608,8.000000,0.808563
-22.828491,-31.697423,8.000000,0.798042
-22.670805,-31.466184,8.000000,0.789396
-22.524815,-31.209134,8.000000,0.782333
-22.390969,-30.929519,8.000000,0.776558
-22.269719,-30.630586,8.000000,0.771778
-22.161515,-30.315580,8.000000,0.767699
-22.066808,-29.987748,8.000000,0.764028
-21.986048,-29.650336,8.000000,0.760472
-21.919686,-29.306590,8.000000,0.756736
-21.868172,-28.959757,8.000000,0.752526
-21.831957,-28.613081,8.000000,0.747551
-21.811491,-28.269810,8.000000,0.741515
-21.807225,-27.933190,8.000000,0.734125
-21.819610,-27.606466,8.000000,0.725088
-21.849095,-27.292885,8.000000,0.714110
-21.896185,-26.995445,8.000000,0.700961
-21.961690,-26.715724,8.000000,0.685782
-22.046526,-26.454794,8.000000,0.668841
-22.151614,-26.213726,8.000000,0.650410
-22.277871,-25.993591,8.000000,0.630758
-22.426216,-25.795461,8.000000,0.610156
-22.597567,-25.620408,8.000000,0.588874
-22.792842,-25.469502,8.000000,0.567182
-23.012961,-25.343815,8.000000,0.545352
-23.258840,-25.244419,8.000000,0.523652
-23.531400,-25.172385,8.000000,0.502354
-23.831558,-25.128784,8.000000,0.481728
-24.160232,-25.114688,8.000000,0.462044
-24.518341,-25.131168,8.000000,0.443572
-24.906804,-25.179296,8.000000,0.426583
-25.325563,-25.259574,8.000000,0.411293
-25.769356,-25.369474,8.000000,0.397633
-26.231195,-25.505462,8.000000,0.385440
-26.704091,-25.664005,8.000000,0.374549
-27.181055,-25.841566,8.000000,0.364797
-27.655097,-26.034611,8.000000,0.356020
-28.119227,-26.239606,8.000000,0.348053
-28.566457,-26.453016,8.000000,0.340732
-28.989798,-26.671306,8.000000,0.333895
-29.382259,-26.890942,8.000000,0.327376
-29.736851,-27.108388,8.000000,0.321012
-30.046585,-27.320111,8.000000,0.314638
-30.304472,-27.522575,8.000000,0.308092
-30.503523,-27.712247,8.000000,0.301209
-30.636747,-27.885590,8.000000,0.293824
-30.698806,-28.039821,8.000000,0.285796
-30.692543,-28.175869,8.000000,0.277087
-30.623333,-28.295815,8.000000,0.267692
-30.496551,-28.401741,8.000000,0.257608
-30.317575,-28.495727,8.000000,0.246828
-30.091778,-28.579854,8.000000,0.235350
-29.824538,-28.656203,8.000000,0.223167
-29.521230,-28.726855,8.000000,0.210276
-29.187230,-28.793890,8.000000,0.196672
-28.827914,-28.859391,8.000000,0.182350
-28.448657,-28.925437,8.000000,0.167306
-28.054835,-28.994110,8.000000,0.151536
-27.651825,-29.067491,8.000000,0.135034
-27.245001,-29.147660,8.000000,0.117796
-26.839741,-29.236698,8.000000,0.099817
-26.440799,-29.336168,8.000000,0.081117
-26.050074,-29.445230,8.000000,0.061820
-25.668639,-29.562357,8.000000,0.042084
-25.297568,-29.686020,8.000000,0.022065
-24.937933,-29.814689,8.000000,0.001919
-24.590808,-29.946837,8.000000,-0.018196
-24.257267,-30.080933,8.000000,-0.038124
-23.938382,-30.215449,8.000000,-0.057709
-23.635228,-30.348856,8.000000,-0.076793
-23.348876,-30.479626,8.000000,-0.095221
-23.080402,-30.606229,8.000000,-0.112835
-22.830877,-30.727136,8.000000,-0.129479
-22.601375,-30.840819,8.000000,-0.144996
-22.392970,-30.945749,8.000000,-0.159230
-22.206735,-31.040397,8.000000,-0.172024
-22.043336,-31.123593,8.000000,-0.183262
-21.901689,-31.195714,8.000000,-0.193004
-21.780240,-31.257550,8.000000,-0.201357
-21.677435,-31.309894,8.000000,-0.208427
-21.591722,-31.353536,8.000000,-0.214322
-21.521546,-31.389267,8.000000,-0.219149
-21.465353,-31.417878,8.000000,-0.223014
-21.421590,-31.440160,8.000000,-0.226024
-21.388703,-31.456905,8.000000,-0.228285
-21.365138,-31.468903,8.000000,-0.229906
-21.349342,-31.476946,8.000000,-0.230992
-21.339761,-31.481824,8.000000,-0.231651
-21.334841,-31.484329,8.000000,-0.231990
-21.333028,-31.485252,8.000000,-0.232115
-21.332769,-31.485384,8.000000,-0.232132
